1|600000|100|100
1|600004|100|100
1|600006|83|83
1|600007|97|97
1|600008|92|92
1|600009|87|87
1|600010|66|66
1|600011|100|100
1|600012|100|100
1|600015|100|100
1|600016|97|97
1|600017|96|96
1|600018|95|95
1|600019|83|83
1|600020|100|100
1|600021|90|90
1|600022|71|71
1|600023|97|97
1|600025|93|93
1|600026|97|97
1|600027|98|98
1|600028|98|98
1|600029|68|68
1|600030|97|97
1|600031|95|95
1|600032|85|85
1|600033|100|100
1|600035|98|98
1|600036|97|97
1|600037|90|90
1|600038|79|79
1|600039|85|85
1|600048|72|72
1|600050|100|100
1|600051|93|93
1|600052|75|75
1|600053|13|13
1|600054|100|100
1|600055|90|90
1|600056|92|92
1|600057|85|85
1|600058|67|67
1|600059|92|92
1|600060|93|93
1|600061|88|88
1|600062|93|93
1|600063|95|95
1|600064|81|81
1|600066|95|95
1|600067|82|82
1|600071|95|95
1|600072|73|73
1|600073|54|54
1|600075|77|77
1|600076|63|63
1|600078|77|77
1|600079|21|21
1|600080|64|64
1|600081|75|75
1|600082|54|54
1|600084|24|24
1|600085|90|90
1|600088|70|70
1|600089|100|100
1|600094|82|82
1|600095|74|74
1|600096|92|92
1|600097|82|82
1|600098|94|94
1|600099|95|95
1|600100|84|84
1|600101|100|100
1|600103|92|92
1|600104|100|100
1|600105|93|93
1|600106|85|85
1|600107|-57|-57
1|600108|95|95
1|600109|100|100
1|600110|65|65
1|600111|81|81
1|600113|93|93
1|600114|95|95
1|600115|60|60
1|600116|100|100
1|600117|75|75
1|600118|76|76
1|600119|9|9
1|600120|97|97
1|600121|83|83
1|600123|80|80
1|600125|89|89
1|600126|74|74
1|600127|76|76
1|600128|83|83
1|600129|67|67
1|600130|46|46
1|600131|85|85
1|600132|88|88
1|600133|85|85
1|600135|87|87
1|600136|26|26
1|600137|87|87
1|600138|81|81
1|600141|83|83
1|600143|97|97
1|600148|83|83
1|600149|54|54
1|600150|86|86
1|600151|82|82
1|600152|67|67
1|600153|75|75
1|600155|82|82
1|600156|87|87
1|600157|60|60
1|600158|84|84
1|600159|87|87
1|600160|97|97
1|600161|100|100
1|600162|87|87
1|600163|92|92
1|600165|-40|-40
1|600166|93|93
1|600167|90|90
1|600168|82|82
1|600169|-10|-10
1|600170|77|77
1|600171|98|98
1|600172|45|45
1|600173|73|73
1|600176|98|98
1|600177|100|100
1|600178|85|85
1|600179|82|82
1|600180|27|27
1|600182|80|80
1|600183|87|87
1|600184|83|83
1|600185|75|75
1|600186|95|95
1|600187|13|13
1|600188|97|97
1|600189|76|76
1|600191|98|98
1|600192|74|74
1|600193|-61|-61
1|600195|97|97
1|600196|100|100
1|600197|97|97
1|600198|54|54
1|600199|90|90
1|600200|0|0
1|600201|100|100
1|600202|88|88
1|600203|75|75
1|600206|90|90
1|600207|85|85
1|600208|50|50
1|600210|95|95
1|600211|97|97
1|600212|88|88
1|600215|83|83
1|600216|100|100
1|600217|80|80
1|600218|100|100
1|600219|100|100
1|600221|45|45
1|600222|84|84
1|600223|100|100
1|600226|67|67
1|600227|63|63
1|600228|34|34
1|600229|80|80
1|600230|98|98
1|600231|81|81
1|600232|83|83
1|600233|100|100
1|600234|59|59
1|600235|70|70
1|600236|98|98
1|600237|95|95
1|600238|-54|-54
1|600239|78|78
1|600241|66|66
1|600243|-19|-19
1|600246|48|48
1|600248|63|63
1|600249|90|90
1|600250|70|70
1|600251|95|95
1|600252|82|82
1|600255|75|75
1|600256|69|69
1|600257|90|90
1|600258|100|100
1|600259|47|47
1|600261|90|90
1|600262|83|83
1|600265|-29|-29
1|600266|85|85
1|600267|97|97
1|600268|90|90
1|600269|97|97
1|600271|90|90
1|600272|70|70
1|600273|93|93
1|600276|97|97
1|600278|100|100
1|600279|87|87
1|600280|45|45
1|600281|51|51
1|600282|91|91
1|600283|97|97
1|600284|88|88
1|600285|89|89
1|600287|95|95
1|600288|72|72
1|600289|29|29
1|600292|80|80
1|600293|66|66
1|600295|100|100
1|600298|92|92
1|600299|95|95
1|600300|100|100
1|600301|80|80
1|600302|48|48
1|600303|80|80
1|600305|87|87
1|600307|58|58
1|600308|75|75
1|600309|95|95
1|600310|57|57
1|600312|74|74
1|600313|87|87
1|600315|85|85
1|600316|64|64
1|600318|90|90
1|600319|58|58
1|600320|98|98
1|600322|18|18
1|600323|95|95
1|600325|72|72
1|600326|80|80
1|600327|85|85
1|600328|70|70
1|600329|100|100
1|600330|67|67
1|600331|79|79
1|600332|90|90
1|600333|88|88
1|600335|85|85
1|600336|87|87
1|600337|57|57
1|600338|74|74
1|600339|91|91
1|600340|-11|-11
1|600343|81|81
1|600345|85|85
1|600346|98|98
1|600348|93|93
1|600350|89|89
1|600351|100|100
1|600352|95|95
1|600353|93|93
1|600354|90|90
1|600355|-33|-33
1|600356|95|95
1|600358|31|31
1|600359|60|60
1|600360|13|13
1|600361|97|97
1|600362|97|97
1|600363|81|81
1|600365|31|31
1|600366|100|100
1|600367|95|95
1|600368|89|89
1|600369|100|100
1|600370|50|50
1|600371|73|73
1|600372|82|82
1|600373|80|80
1|600375|52|52
1|600376|82|82
1|600377|100|100
1|600378|100|100
1|600379|93|93
1|600380|100|100
1|600381|-46|-46
1|600382|93|93
1|600383|85|85
1|600386|74|74
1|600388|100|100
1|600389|92|92
1|600390|89|89
1|600391|64|64
1|600392|97|97
1|600395|83|83
1|600396|78|78
1|600397|77|77
1|600398|100|100
1|600399|83|83
1|600400|75|75
1|600403|66|66
1|600405|59|59
1|600406|84|84
1|600408|67|67
1|600409|77|77
1|600410|77|77
1|600415|92|92
1|600416|69|69
1|600418|74|74
1|600419|82|82
1|600420|98|98
1|600421|-44|-44
1|600422|85|85
1|600423|47|47
1|600425|100|100
1|600426|97|97
1|600428|95|95
1|600429|85|85
1|600433|90|90
1|600435|85|85
1|600436|97|97
1|600438|85|85
1|600439|69|69
1|600444|83|83
1|600446|80|80
1|600448|80|80
1|600449|100|100
1|600452|97|97
1|600455|68|68
1|600456|79|79
1|600458|88|88
1|600459|95|95
1|600460|100|100
1|600461|97|97
1|600463|75|75
1|600467|93|93
1|600468|87|87
1|600469|95|95
1|600470|83|83
1|600475|100|100
1|600476|60|60
1|600477|80|80
1|600478|87|87
1|600479|97|97
1|600480|95|95
1|600481|44|44
1|600482|98|98
1|600483|100|100
1|600486|90|90
1|600487|90|90
1|600488|79|79
1|600489|85|85
1|600490|82|82
1|600491|64|64
1|600493|77|77
1|600495|92|92
1|600496|92|92
1|600497|98|98
1|600498|92|92
1|600499|91|91
1|600500|75|75
1|600501|78|78
1|600502|85|85
1|600503|31|31
1|600505|82|82
1|600506|68|68
1|600507|95|95
1|600508|75|75
1|600509|72|72
1|600510|84|84
1|600511|92|92
1|600512|93|93
1|600513|77|77
1|600515|90|90
1|600516|68|68
1|600517|92|92
1|600518|64|64
1|600519|97|97
1|600520|58|58
1|600521|80|80
1|600522|100|100
1|600523|92|92
1|600525|-9|-9
1|600526|92|92
1|600527|100|100
1|600528|86|86
1|600529|95|95
1|600530|55|55
1|600531|91|91
1|600533|82|82
1|600535|100|100
1|600536|78|78
1|600537|45|45
1|600538|52|52
1|600539|72|72
1|600540|58|58
1|600543|39|39
1|600545|60|60
1|600546|87|87
1|600547|90|90
1|600548|100|100
1|600549|97|97
1|600550|62|62
1|600551|97|97
1|600552|94|94
1|600556|82|82
1|600557|100|100
1|600558|97|97
1|600559|97|97
1|600560|89|89
1|600561|69|69
1|600562|84|84
1|600563|100|100
1|600566|95|95
1|600567|88|88
1|600568|16|16
1|600569|70|70
1|600570|95|95
1|600571|95|95
1|600572|85|85
1|600573|92|92
1|600575|90|90
1|600576|73|73
1|600577|70|70
1|600578|95|95
1|600579|73|73
1|600580|100|100
1|600581|7|7
1|600582|92|92
1|600583|84|84
1|600584|92|92
1|600585|86|86
1|600586|90|90
1|600587|95|95
1|600588|85|85
1|600589|54|54
1|600590|69|69
1|600592|95|95
1|600593|55|55
1|600594|85|85
1|600595|90|90
1|600596|95|95
1|600597|87|87
1|600598|97|97
1|600599|-22|-22
1|600600|97|97
1|600601|95|95
1|600602|85|85
1|600603|70|70
1|600604|85|85
1|600605|85|85
1|600606|71|71
1|600608|-90|-90
1|600609|82|82
1|600610|54|54
1|600611|85|85
1|600612|84|84
1|600613|93|93
1|600615|64|64
1|600616|79|79
1|600617|70|70
1|600618|100|100
1|600619|87|87
1|600620|77|77
1|600621|92|92
1|600622|82|82
1|600623|100|100
1|600624|31|31
1|600626|80|80
1|600628|97|97
1|600629|59|59
1|600630|82|82
1|600633|85|85
1|600635|100|100
1|600636|46|46
1|600637|97|97
1|600638|80|80
1|600639|98|98
1|600640|80|80
1|600641|78|78
1|600642|97|97
1|600643|66|66
1|600644|71|71
1|600645|79|79
1|600648|78|78
1|600649|87|87
1|600650|97|97
1|600651|87|87
1|600653|79|79
1|600654|69|69
1|600655|75|75
1|600657|79|79
1|600658|80|80
1|600660|97|97
1|600661|70|70
1|600662|94|94
1|600663|90|90
1|600664|92|92
1|600665|70|70
1|600666|57|57
1|600667|90|90
1|600668|92|92
1|600671|70|70
1|600673|82|82
1|600674|88|88
1|600675|80|80
1|600676|87|87
1|600678|72|72
1|600679|87|87
1|600681|89|89
1|600682|58|58
1|600683|85|85
1|600684|95|95
1|600685|88|88
1|600686|67|67
1|600688|80|80
1|600689|90|90
1|600690|100|100
1|600691|49|49
1|600692|79|79
1|600693|98|98
1|600694|95|95
1|600696|-77|-77
1|600697|77|77
1|600698|72|72
1|600699|95|95
1|600702|95|95
1|600703|64|64
1|600704|77|77
1|600706|77|77
1|600707|72|72
1|600708|88|88
1|600710|80|80
1|600711|95|95
1|600712|68|68
1|600713|95|95
1|600714|82|82
1|600715|64|64
1|600716|82|82
1|600717|100|100
1|600718|80|80
1|600719|73|73
1|600720|90|90
1|600721|79|79
1|600722|82|82
1|600724|92|92
1|600725|78|78
1|600726|53|53
1|600727|77|77
1|600728|72|72
1|600729|100|100
1|600730|27|27
1|600731|90|90
1|600732|70|70
1|600733|45|45
1|600734|75|75
1|600735|0|0
1|600736|85|85
1|600737|97|97
1|600738|77|77
1|600739|97|97
1|600740|82|82
1|600741|93|93
1|600742|87|87
1|600743|32|32
1|600744|63|63
1|600745|37|37
1|600746|87|87
1|600748|90|90
1|600749|79|79
1|600750|100|100
1|600751|88|88
1|600753|-49|-49
1|600754|92|92
1|600755|83|83
1|600756|83|83
1|600757|92|92
1|600758|90|90
1|600759|46|46
1|600760|85|85
1|600761|89|89
1|600763|90|90
1|600764|88|88
1|600765|86|86
1|600768|71|71
1|600769|80|80
1|600770|77|77
1|600771|82|82
1|600773|88|88
1|600774|78|78
1|600775|80|80
1|600776|92|92
1|600777|2|2
1|600778|65|65
1|600779|72|72
1|600780|82|82
1|600782|85|85
1|600783|86|86
1|600784|92|92
1|600785|88|88
1|600787|100|100
1|600789|82|82
1|600790|87|87
1|600791|88|88
1|600792|77|77
1|600793|57|57
1|600794|80|80
1|600795|98|98
1|600796|82|82
1|600797|77|77
1|600798|82|82
1|600800|75|75
1|600801|95|95
1|600802|83|83
1|600803|100|100
1|600805|89|89
1|600807|42|42
1|600808|80|80
1|600809|92|92
1|600810|82|82
1|600812|90|90
1|600814|92|92
1|600815|72|72
1|600816|82|82
1|600817|90|90
1|600818|69|69
1|600819|82|82
1|600820|90|90
1|600821|69|69
1|600822|77|77
1|600824|90|90
1|600825|95|95
1|600826|100|100
1|600827|90|90
1|600828|73|73
1|600829|90|90
1|600830|90|90
1|600831|57|57
1|600833|82|82
1|600834|95|95
1|600835|97|97
1|600838|91|91
1|600839|79|79
1|600841|55|55
1|600843|80|80
1|600844|68|68
1|600845|98|98
1|600846|100|100
1|600847|67|67
1|600848|98|98
1|600850|87|87
1|600851|100|100
1|600853|88|88
1|600854|77|77
1|600855|83|83
1|600857|80|80
1|600858|100|100
1|600859|75|75
1|600860|64|64
1|600861|84|84
1|600862|92|92
1|600863|98|98
1|600864|97|97
1|600865|67|67
1|600866|85|85
1|600867|60|60
1|600868|29|29
1|600869|62|62
1|600871|62|62
1|600872|90|90
1|600873|97|97
1|600874|91|91
1|600875|90|90
1|600876|68|68
1|600877|69|69
1|600879|59|59
1|600880|82|82
1|600881|33|33
1|600882|95|95
1|600883|61|61
1|600884|59|59
1|600885|87|87
1|600886|100|100
1|600887|86|86
1|600888|97|97
1|600889|22|22
1|600892|-44|-44
1|600893|61|61
1|600894|92|92
1|600895|85|85
1|600897|95|95
1|600900|98|98
1|600901|95|95
1|600903|79|79
1|600905|95|95
1|600906|95|95
1|600908|95|95
1|600909|98|98
1|600916|77|77
1|600917|85|85
1|600918|92|92
1|600919|92|92
1|600925|75|75
1|600926|97|97
1|600927|85|85
1|600928|92|92
1|600929|82|82
1|600930|95|95
1|600933|100|100
1|600935|78|78
1|600936|83|83
1|600938|100|100
1|600939|52|52
1|600941|100|100
1|600955|88|88
1|600956|95|95
1|600958|97|97
1|600959|89|89
1|600960|82|82
1|600961|93|93
1|600962|83|83
1|600963|88|88
1|600965|94|94
1|600966|95|95
1|600967|88|88
1|600968|84|84
1|600969|72|72
1|600970|95|95
1|600971|87|87
1|600973|58|58
1|600975|90|90
1|600976|100|100
1|600977|90|90
1|600979|80|80
1|600980|97|97
1|600981|90|90
1|600982|81|81
1|600983|87|87
1|600984|77|77
1|600985|78|78
1|600986|69|69
1|600987|95|95
1|600988|95|95
1|600989|98|98
1|600990|72|72
1|600992|90|90
1|600993|100|100
1|600995|98|98
1|600996|50|50
1|600997|77|77
1|600998|87|87
1|600999|97|97
1|601000|100|100
1|601001|93|93
1|601002|98|98
1|601003|83|83
1|601005|78|78
1|601006|91|91
1|601007|100|100
1|601008|92|92
1|601009|100|100
1|601010|75|75
1|601011|49|49
1|601012|82|82
1|601015|88|88
1|601016|85|85
1|601018|92|92
1|601019|84|84
1|601020|93|93
1|601021|97|97
1|601022|92|92
1|601026|95|95
1|601033|97|97
1|601038|100|100
1|601058|100|100
1|601059|97|97
1|601061|79|79
1|601065|82|82
1|601066|95|95
1|601068|75|75
1|601069|89|89
1|601077|100|100
1|601083|95|95
1|601086|95|95
1|601088|100|100
1|601089|95|95
1|601096|77|77
1|601098|100|100
1|601099|87|87
1|601100|94|94
1|601101|85|85
1|601106|60|60
1|601107|97|97
1|601108|100|100
1|601111|55|55
1|601112|92|92
1|601113|90|90
1|601116|100|100
1|601117|92|92
1|601118|77|77
1|601121|79|79
1|601126|100|100
1|601127|95|95
1|601128|95|95
1|601133|92|92
1|601136|92|92
1|601137|90|90
1|601138|88|88
1|601139|97|97
1|601155|63|63
1|601156|100|100
1|601158|97|97
1|601162|70|70
1|601163|100|100
1|601166|98|98
1|601168|92|92
1|601169|100|100
1|601177|86|86
1|601179|92|92
1|601186|78|78
1|601187|95|95
1|601188|95|95
1|601198|80|80
1|601199|92|92
1|601200|100|100
1|601208|88|88
1|601211|100|100
1|601212|60|60
1|601216|100|100
1|601218|100|100
1|601222|80|80
1|601225|95|95
1|601226|95|95
1|601228|100|100
1|601229|92|92
1|601231|95|95
1|601233|92|92
1|601236|98|98
1|601238|85|85
1|601279|90|90
1|601288|97|97
1|601298|97|97
1|601311|100|100
1|601318|100|100
1|601319|87|87
1|601326|97|97
1|601328|100|100
1|601330|97|97
1|601333|97|97
1|601336|100|100
1|601339|100|100
1|601360|80|80
1|601366|73|73
1|601368|62|62
1|601369|92|92
1|601375|92|92
1|601377|100|100
1|601388|95|95
1|601390|84|84
1|601398|97|97
1|601399|94|94
1|601456|92|92
1|601500|75|75
1|601512|84|84
1|601515|79|79
1|601518|90|90
1|601519|80|80
1|601528|92|92
1|601555|100|100
1|601566|80|80
1|601567|95|95
1|601568|87|87
1|601577|95|95
1|601579|87|87
1|601588|82|82
1|601595|87|87
1|601598|95|95
1|601599|95|95
1|601600|97|97
1|601601|100|100
1|601606|65|65
1|601607|92|92
1|601608|92|92
1|601609|84|84
1|601611|82|82
1|601615|85|85
1|601616|87|87
1|601618|85|85
1|601619|80|80
1|601628|97|97
1|601633|90|90
1|601636|100|100
1|601658|92|92
1|601665|97|97
1|601666|70|70
1|601668|93|93
1|601669|82|82
1|601677|95|95
1|601678|87|87
1|601686|100|100
1|601688|95|95
1|601689|90|90
1|601696|97|97
1|601698|93|93
1|601699|73|73
1|601700|85|85
1|601702|94|94
1|601717|94|94
1|601718|61|61
1|601727|79|79
1|601728|92|92
1|601766|95|95
1|601777|85|85
1|601778|90|90
1|601788|92|92
1|601789|78|78
1|601798|64|64
1|601799|90|90
1|601800|90|90
1|601801|92|92
1|601808|87|87
1|601811|97|97
1|601816|95|95
1|601818|95|95
1|601825|95|95
1|601827|95|95
1|601828|73|73
1|601838|98|98
1|601857|92|92
1|601858|100|100
1|601860|90|90
1|601865|90|90
1|601866|77|77
1|601868|85|85
1|601869|72|72
1|601872|95|95
1|601877|95|95
1|601878|95|95
1|601880|82|82
1|601881|100|100
1|601882|100|100
1|601886|90|90
1|601888|86|86
1|601890|94|94
1|601898|100|100
1|601899|87|87
1|601900|95|95
1|601901|98|98
1|601908|59|59
1|601916|95|95
1|601918|98|98
1|601919|100|100
1|601921|100|100
1|601928|97|97
1|601929|88|88
1|601933|60|60
1|601939|95|95
1|601949|90|90
1|601952|97|97
1|601956|95|95
1|601958|89|89
1|601963|93|93
1|601965|100|100
1|601966|94|94
1|601968|92|92
1|601969|95|95
1|601975|82|82
1|601985|100|100
1|601988|97|97
1|601990|95|95
1|601991|93|93
1|601992|77|77
1|601995|87|87
1|601996|85|85
1|601997|98|98
1|601998|100|100
1|601999|92|92
1|603000|90|90
1|603001|74|74
1|603002|87|87
1|603004|100|100
1|603005|100|100
1|603006|89|89
1|603007|39|39
1|603008|94|94
1|603009|90|90
1|603010|75|75
1|603011|80|80
1|603012|79|79
1|603013|100|100
1|603014|92|92
1|603015|85|85
1|603016|97|97
1|603017|95|95
1|603018|85|85
1|603019|87|87
1|603020|95|95
1|603021|-33|-33
1|603022|89|89
1|603023|57|57
1|603025|84|84
1|603026|86|86
1|603027|100|100
1|603028|60|60
1|603029|84|84
1|603030|90|90
1|603031|77|77
1|603032|85|85
1|603033|85|85
1|603035|93|93
1|603036|100|100
1|603037|90|90
1|603038|90|90
1|603039|97|97
1|603040|95|95
1|603041|95|95
1|603042|90|90
1|603043|100|100
1|603045|85|85
1|603048|95|95
1|603049|92|92
1|603050|90|90
1|603051|85|85
1|603052|62|62
1|603053|95|95
1|603055|87|87
1|603056|60|60
1|603057|100|100
1|603058|87|87
1|603059|79|79
1|603060|85|85
1|603061|100|100
1|603062|98|98
1|603063|90|90
1|603065|69|69
1|603066|83|83
1|603067|90|90
1|603068|77|77
1|603069|77|77
1|603070|92|92
1|603071|92|92
1|603072|97|97
1|603073|90|90
1|603075|95|95
1|603076|90|90
1|603077|69|69
1|603078|82|82
1|603079|95|95
1|603080|87|87
1|603081|98|98
1|603082|92|92
1|603083|87|87
1|603085|77|77
1|603086|82|82
1|603087|91|91
1|603088|95|95
1|603089|90|90
1|603090|95|95
1|603091|100|100
1|603092|100|100
1|603093|95|95
1|603095|94|94
1|603096|100|100
1|603097|98|98
1|603098|94|94
1|603099|92|92
1|603100|98|98
1|603101|98|98
1|603102|90|90
1|603103|100|100
1|603105|100|100
1|603106|95|95
1|603107|94|94
1|603108|71|71
1|603109|95|95
1|603110|59|59
1|603111|57|57
1|603112|90|90
1|603113|90|90
1|603115|95|95
1|603116|90|90
1|603117|64|64
1|603118|82|82
1|603119|84|84
1|603120|92|92
1|603121|64|64
1|603122|85|85
1|603123|90|90
1|603124|90|90
1|603125|92|92
1|603126|93|93
1|603127|100|100
1|603128|87|87
1|603129|100|100
1|603130|93|93
1|603131|80|80
1|603132|78|78
1|603135|82|82
1|603136|100|100
1|603137|58|58
1|603138|90|90
1|603139|69|69
1|603150|88|88
1|603151|93|93
1|603153|77|77
1|603155|90|90
1|603156|95|95
1|603158|85|85
1|603159|82|82
1|603160|86|86
1|603161|80|80
1|603162|95|95
1|603163|85|85
1|603165|92|92
1|603166|95|95
1|603167|100|100
1|603168|72|72
1|603169|64|64
1|603170|95|95
1|603171|95|95
1|603172|80|80
1|603173|95|95
1|603175|90|90
1|603176|90|90
1|603177|57|57
1|603178|85|85
1|603179|90|90
1|603180|75|75
1|603181|100|100
1|603182|95|95
1|603183|70|70
1|603185|77|77
1|603186|90|90
1|603187|100|100
1|603188|70|70
1|603189|87|87
1|603190|93|93
1|603191|95|95
1|603192|95|95
1|603193|95|95
1|603194|95|95
1|603195|100|100
1|603196|77|77
1|603197|84|84
1|603198|100|100
1|603199|95|95
1|603200|85|85
1|603201|95|95
1|603202|84|84
1|603203|100|100
1|603205|100|100
1|603206|82|82
1|603207|94|94
1|603208|57|57
1|603209|100|100
1|603210|92|92
1|603211|92|92
1|603212|90|90
1|603213|80|80
1|603214|95|95
1|603215|100|100
1|603216|95|95
1|603217|95|95
1|603218|100|100
1|603219|92|92
1|603220|93|93
1|603221|67|67
1|603222|67|67
1|603223|98|98
1|603225|98|98
1|603226|65|65
1|603227|97|97
1|603228|90|90
1|603229|95|95
1|603230|77|77
1|603231|92|92
1|603232|90|90
1|603233|100|100
1|603235|95|95
1|603236|95|95
1|603237|100|100
1|603238|95|95
1|603239|97|97
1|603248|100|100
1|603255|65|65
1|603256|88|88
1|603257|98|98
1|603258|85|85
1|603259|100|100
1|603260|53|53
1|603261|-50|-50
1|603262|100|100
1|603266|95|95
1|603267|95|95
1|603268|54|54
1|603269|95|95
1|603270|87|87
1|603271|100|100
1|603272|75|75
1|603273|92|92
1|603275|95|95
1|603276|88|88
1|603277|95|95
1|603278|76|76
1|603279|90|90
1|603280|92|92
1|603281|100|100
1|603282|84|84
1|603283|89|89
1|603284|100|100
1|603285|100|100
1|603286|76|76
1|603288|100|100
1|603289|95|95
1|603290|95|95
1|603291|86|86
1|603296|80|80
1|603297|100|100
1|603298|94|94
1|603299|92|92
1|603300|70|70
1|603301|100|100
1|603303|95|95
1|603305|90|90
1|603306|90|90
1|603307|90|90
1|603308|92|92
1|603309|85|85
1|603310|100|100
1|603311|90|90
1|603312|86|86
1|603313|75|75
1|603315|67|67
1|603316|80|80
1|603317|95|95
1|603318|67|67
1|603319|95|95
1|603320|87|87
1|603321|80|80
1|603322|21|21
1|603323|95|95
1|603324|72|72
1|603325|100|100
1|603326|85|85
1|603327|95|95
1|603328|97|97
1|603329|83|83
1|603330|85|85
1|603331|85|85
1|603332|95|95
1|603333|70|70
1|603334|95|95
1|603335|88|88
1|603336|85|85
1|603337|100|100
1|603338|84|84
1|603339|100|100
1|603341|85|85
1|603344|100|100
1|603345|100|100
1|603348|72|72
1|603350|95|95
1|603351|95|95
1|603352|100|100
1|603353|67|67
1|603355|100|100
1|603356|79|79
1|603357|100|100
1|603358|100|100
1|603359|24|24
1|603360|68|68
1|603363|66|66
1|603365|89|89
1|603366|92|92
1|603367|100|100
1|603368|95|95
1|603369|97|97
1|603370|95|95
1|603373|86|86
1|603375|88|88
1|603376|95|95
1|603377|-82|-82
1|603378|20|20
1|603379|98|98
1|603380|87|87
1|603381|53|53
1|603382|85|85
1|603383|100|100
1|603385|80|80
1|603386|85|85
1|603387|70|70
1|603388|-90|-90
1|603389|-25|-25
1|603390|95|95
1|603391|90|90
1|603392|83|83
1|603393|100|100
1|603395|78|78
1|603396|87|87
1|603398|-123|-123
1|603399|85|85
1|603400|100|100
1|603402|95|95
1|603406|95|95
1|603408|92|92
1|603409|92|92
1|603416|100|100
1|603418|95|95
1|603421|60|60
1|603429|26|26
1|603439|80|80
1|603444|95|95
1|603456|87|87
1|603458|75|75
1|603466|85|85
1|603477|73|73
1|603486|100|100
1|603488|90|90
1|603489|95|95
1|603496|88|88
1|603499|92|92
1|603500|100|100
1|603501|87|87
1|603505|95|95
1|603506|95|95
1|603507|86|86
1|603508|72|72
1|603511|100|100
1|603515|90|90
1|603516|32|32
1|603517|36|36
1|603518|77|77
1|603519|92|92
1|603520|80|80
1|603527|83|83
1|603528|90|90
1|603529|100|100
1|603530|85|85
1|603533|87|87
1|603535|95|95
1|603536|88|88
1|603538|95|95
1|603551|95|95
1|603556|95|95
1|603557|-45|-45
1|603558|95|95
1|603559|35|35
1|603565|95|95
1|603566|100|100
1|603567|50|50
1|603568|98|98
1|603569|80|80
1|603577|91|91
1|603578|85|85
1|603579|95|95
1|603580|51|51
1|603583|95|95
1|603585|82|82
1|603586|98|98
1|603587|95|95
1|603588|98|98
1|603589|85|85
1|603590|90|90
1|603595|24|24
1|603596|95|95
1|603598|63|63
1|603599|100|100
1|603600|100|100
1|603601|95|95
1|603602|88|88
1|603605|95|95
1|603606|93|93
1|603607|100|100
1|603608|62|62
1|603609|67|67
1|603610|87|87
1|603611|97|97
1|603612|90|90
1|603613|75|75
1|603615|87|87
1|603616|39|39
1|603617|90|90
1|603618|85|85
1|603619|82|82
1|603626|76|76
1|603628|100|100
1|603629|85|85
1|603630|75|75
1|603633|85|85
1|603636|77|77
1|603637|95|95
1|603638|100|100
1|603639|84|84
1|603648|97|97
1|603650|100|100
1|603655|88|88
1|603656|100|100
1|603657|95|95
1|603658|100|100
1|603659|100|100
1|603660|69|69
1|603661|90|90
1|603662|95|95
1|603663|94|94
1|603665|51|51
1|603666|82|82
1|603667|87|87
1|603668|82|82
1|603669|90|90
1|603676|86|86
1|603677|91|91
1|603678|97|97
1|603679|85|85
1|603680|95|95
1|603681|77|77
1|603682|90|90
1|603683|95|95
1|603685|84|84
1|603686|90|90
1|603687|100|100
1|603688|78|78
1|603689|92|92
1|603690|55|55
1|603693|92|92
1|603696|85|85
1|603697|95|95
1|603698|97|97
1|603699|90|90
1|603700|95|95
1|603701|85|85
1|603703|79|79
1|603706|94|94
1|603707|95|95
1|603708|78|78
1|603709|85|85
1|603711|80|80
1|603712|74|74
1|603713|90|90
1|603716|74|74
1|603717|75|75
1|603718|67|67
1|603719|72|72
1|603721|-6|-6
1|603722|85|85
1|603725|85|85
1|603726|100|100
1|603727|90|90
1|603728|92|92
1|603729|83|83
1|603730|92|92
1|603733|98|98
1|603737|85|85
1|603738|90|90
1|603739|100|100
1|603755|95|95
1|603757|90|90
1|603758|100|100
1|603759|95|95
1|603766|100|100
1|603767|77|77
1|603768|88|88
1|603773|84|84
1|603776|88|88
1|603777|82|82
1|603778|77|77
1|603779|69|69
1|603786|100|100
1|603787|95|95
1|603788|94|94
1|603789|-1|-1
1|603790|95|95
1|603797|64|64
1|603798|95|95
1|603799|81|81
1|603800|35|35
1|603801|67|67
1|603803|77|77
1|603806|85|85
1|603808|80|80
1|603809|83|83
1|603810|85|85
1|603811|98|98
1|603813|34|34
1|603815|42|42
1|603816|92|92
1|603817|87|87
1|603818|88|88
1|603819|75|75
1|603822|32|32
1|603823|98|98
1|603825|-5|-5
1|603826|74|74
1|603828|1|1
1|603829|80|80
1|603833|75|75
1|603836|70|70
1|603838|37|37
1|603839|90|90
1|603843|-20|-20
1|603848|100|100
1|603855|100|100
1|603856|95|95
1|603858|82|82
1|603859|90|90
1|603860|90|90
1|603861|93|93
1|603863|88|88
1|603866|95|95
1|603867|94|94
1|603868|90|90
1|603869|39|39
1|603871|100|100
1|603876|78|78
1|603877|87|87
1|603878|100|100
1|603879|28|28
1|603880|77|77
1|603881|82|82
1|603882|85|85
1|603883|100|100
1|603885|70|70
1|603886|75|75
1|603887|68|68
1|603888|92|92
1|603889|95|95
1|603890|100|100
1|603893|100|100
1|603895|63|63
1|603896|85|85
1|603897|93|93
1|603898|70|70
1|603899|95|95
1|603900|64|64
1|603901|100|100
1|603903|78|78
1|603906|90|90
1|603908|70|70
1|603909|77|77
1|603912|83|83
1|603915|100|100
1|603916|95|95
1|603917|74|74
1|603918|80|80
1|603919|85|85
1|603920|100|100
1|603922|64|64
1|603926|95|95
1|603927|100|100
1|603928|90|90
1|603929|84|84
1|603931|100|100
1|603933|100|100
1|603936|85|85
1|603937|90|90
1|603938|90|90
1|603939|95|95
1|603948|95|95
1|603949|100|100
1|603950|100|100
1|603955|29|29
1|603956|82|82
1|603958|87|87
1|603959|12|12
1|603960|90|90
1|603966|100|100
1|603967|100|100
1|603968|85|85
1|603969|88|88
1|603970|94|94
1|603976|75|75
1|603977|97|97
1|603978|80|80
1|603979|100|100
1|603980|80|80
1|603982|87|87
1|603983|89|89
1|603985|70|70
1|603986|88|88
1|603987|100|100
1|603988|88|88
1|603989|90|90
1|603990|85|85
1|603991|36|36
1|603992|75|75
1|603993|92|92
1|603995|100|100
1|603997|67|67
1|603998|92|92
1|603999|100|100
1|605001|89|89
1|605003|95|95
1|605005|95|95
1|605006|85|85
1|605007|88|88
1|605008|64|64
1|605009|90|90
1|605011|80|80
1|605016|100|100
1|605018|100|100
1|605020|100|100
1|605028|95|95
1|605033|95|95
1|605050|98|98
1|605055|77|77
1|605056|95|95
1|605058|97|97
1|605060|100|100
1|605066|100|100
1|605068|80|80
1|605069|77|77
1|605077|100|100
1|605080|100|100
1|605081|-34|-34
1|605086|100|100
1|605088|89|89
1|605089|95|95
1|605090|97|97
1|605098|100|100
1|605099|100|100
1|605100|72|72
1|605108|83|83
1|605111|94|94
1|605116|100|100
1|605117|100|100
1|605118|87|87
1|605122|75|75
1|605123|100|100
1|605128|89|89
1|605133|95|95
1|605136|74|74
1|605138|72|72
1|605151|70|70
1|605155|95|95
1|605158|75|75
1|605162|100|100
1|605166|73|73
1|605167|100|100
1|605168|95|95
1|605169|89|89
1|605177|87|87
1|605178|72|72
1|605179|100|100
1|605180|85|85
1|605183|95|95
1|605186|70|70
1|605188|87|87
1|605189|68|68
1|605196|79|79
1|605198|92|92
1|605199|-29|-29
1|605208|93|93
1|605218|87|87
1|605222|77|77
1|605228|85|85
1|605255|59|59
1|605258|100|100
1|605259|95|95
1|605266|98|98
1|605268|94|94
1|605277|100|100
1|605286|100|100
1|605287|60|60
1|605288|80|80
1|605289|82|82
1|605296|90|90
1|605298|87|87
1|605299|100|100
1|605300|80|80
1|605303|70|70
1|605305|100|100
1|605318|85|85
1|605319|100|100
1|605333|87|87
1|605336|29|29
1|605337|100|100
1|605338|95|95
1|605339|80|80
1|605358|90|90
1|605365|75|75
1|605366|75|75
1|605368|85|85
1|605369|85|85
1|605376|100|100
1|605377|95|95
1|605378|80|80
1|605388|72|72
1|605389|95|95
1|605398|72|72
1|605399|87|87
1|605488|90|90
1|605499|97|97
1|605500|80|80
1|605507|100|100
1|605555|85|85
1|605566|95|95
1|605567|92|92
1|605577|89|89
1|605580|95|95
1|605588|90|90
1|605589|100|100
1|605598|95|95
1|605599|97|97
1|688001|94|94
1|688002|95|95
1|688003|95|95
1|688004|87|87
1|688005|67|67
1|688006|100|100
1|688007|85|85
1|688008|77|77
1|688009|90|90
1|688010|100|100
1|688011|75|75
1|688012|90|90
1|688013|90|90
1|688015|90|90
1|688016|97|97
1|688017|93|93
1|688018|90|90
1|688019|90|90
1|688020|90|90
1|688021|95|95
1|688022|59|59
1|688023|85|85
1|688025|92|92
1|688026|90|90
1|688027|97|97
1|688028|95|95
1|688029|94|94
1|688030|68|68
1|688031|74|74
1|688032|84|84
1|688033|55|55
1|688035|100|100
1|688036|85|85
1|688037|83|83
1|688038|79|79
1|688039|90|90
1|688041|91|91
1|688045|87|87
1|688046|89|89
1|688047|62|62
1|688048|85|85
1|688049|90|90
1|688050|100|100
1|688051|77|77
1|688052|90|90
1|688053|42|42
1|688055|87|87
1|688056|79|79
1|688057|85|85
1|688058|82|82
1|688059|94|94
1|688060|74|74
1|688061|82|82
1|688062|78|78
1|688063|74|74
1|688065|95|95
1|688066|34|34
1|688067|93|93
1|688068|85|85
1|688069|80|80
1|688070|95|95
1|688071|80|80
1|688072|93|93
1|688073|77|77
1|688075|85|85
1|688076|23|23
1|688077|92|92
1|688078|80|80
1|688079|78|78
1|688080|95|95
1|688081|80|80
1|688082|86|86
1|688083|72|72
1|688084|80|80
1|688085|87|87
1|688087|95|95
1|688088|100|100
1|688089|100|100
1|688090|95|95
1|688091|98|98
1|688092|95|95
1|688093|95|95
1|688095|83|83
1|688096|61|61
1|688097|84|84
1|688098|72|72
1|688099|100|100
1|688100|94|94
1|688101|85|85
1|688102|95|95
1|688103|100|100
1|688105|85|85
1|688106|100|100
1|688107|80|80
1|688108|100|100
1|688109|95|95
1|688110|82|82
1|688111|95|95
1|688112|100|100
1|688113|84|84
1|688114|83|83
1|688115|88|88
1|688116|75|75
1|688117|100|100
1|688118|95|95
1|688119|80|80
1|688120|89|89
1|688121|63|63
1|688122|83|83
1|688123|90|90
1|688125|80|80
1|688126|82|82
1|688127|100|100
1|688128|95|95
1|688129|95|95
1|688130|62|62
1|688131|88|88
1|688132|77|77
1|688133|67|67
1|688135|60|60
1|688136|92|92
1|688137|82|82
1|688138|95|95
1|688139|100|100
1|688141|80|80
1|688143|90|90
1|688146|100|100
1|688147|88|88
1|688148|63|63
1|688150|84|84
1|688151|87|87
1|688152|82|82
1|688153|92|92
1|688155|86|86
1|688156|85|85
1|688157|64|64
1|688158|80|80
1|688159|77|77
1|688160|84|84
1|688161|92|92
1|688162|92|92
1|688163|95|95
1|688165|80|80
1|688166|72|72
1|688167|57|57
1|688168|77|77
1|688169|97|97
1|688170|92|92
1|688171|76|76
1|688172|76|76
1|688173|67|67
1|688175|75|75
1|688176|74|74
1|688177|88|88
1|688178|75|75
1|688179|86|86
1|688180|85|85
1|688181|87|87
1|688182|86|86
1|688183|90|90
1|688184|-7|-7
1|688185|85|85
1|688186|90|90
1|688187|100|100
1|688188|91|91
1|688189|19|19
1|688190|92|92
1|688191|95|95
1|688192|77|77
1|688193|75|75
1|688195|83|83
1|688196|100|100
1|688197|21|21
1|688198|90|90
1|688199|82|82
1|688200|98|98
1|688201|82|82
1|688202|85|85
1|688203|62|62
1|688205|80|80
1|688206|92|92
1|688207|85|85
1|688208|78|78
1|688209|82|82
1|688210|72|72
1|688211|80|80
1|688212|80|80
1|688213|100|100
1|688215|82|82
1|688216|88|88
1|688217|80|80
1|688218|88|88
1|688219|95|95
1|688220|82|82
1|688221|87|87
1|688222|94|94
1|688223|75|75
1|688225|80|80
1|688226|65|65
1|688227|69|69
1|688228|83|83
1|688229|77|77
1|688230|100|100
1|688231|87|87
1|688232|90|90
1|688233|93|93
1|688234|76|76
1|688235|90|90
1|688236|95|95
1|688237|57|57
1|688238|85|85
1|688239|94|94
1|688244|75|75
1|688246|76|76
1|688247|80|80
1|688248|92|92
1|688249|95|95
1|688251|75|75
1|688252|84|84
1|688253|100|100
1|688255|83|83
1|688256|81|81
1|688257|95|95
1|688258|78|78
1|688259|80|80
1|688260|58|58
1|688261|97|97
1|688262|77|77
1|688265|85|85
1|688266|87|87
1|688267|82|82
1|688268|82|82
1|688269|100|100
1|688270|70|70
1|688271|92|92
1|688272|85|85
1|688273|87|87
1|688275|74|74
1|688276|79|79
1|688277|77|77
1|688278|94|94
1|688279|97|97
1|688280|85|85
1|688281|92|92
1|688282|72|72
1|688283|90|90
1|688285|85|85
1|688286|100|100
1|688287|-63|-63
1|688288|87|87
1|688289|86|86
1|688290|77|77
1|688291|88|88
1|688292|90|90
1|688293|90|90
1|688295|88|88
1|688296|90|90
1|688297|63|63
1|688298|84|84
1|688299|90|90
1|688300|89|89
1|688301|95|95
1|688302|18|18
1|688303|80|80
1|688305|100|100
1|688306|100|100
1|688307|90|90
1|688308|72|72
1|688309|95|95
1|688310|80|80
1|688311|74|74
1|688312|95|95
1|688313|90|90
1|688314|92|92
1|688315|100|100
1|688316|57|57
1|688317|90|90
1|688318|98|98
1|688319|93|93
1|688320|75|75
1|688321|84|84
1|688322|87|87
1|688323|78|78
1|688325|80|80
1|688326|100|100
1|688327|77|77
1|688328|92|92
1|688329|95|95
1|688330|87|87
1|688331|88|88
1|688332|87|87
1|688333|80|80
1|688334|93|93
1|688335|90|90
1|688336|93|93
1|688337|77|77
1|688338|95|95
1|688339|77|77
1|688343|82|82
1|688345|85|85
1|688347|77|77
1|688348|68|68
1|688349|73|73
1|688350|87|87
1|688351|97|97
1|688352|100|100
1|688353|95|95
1|688355|85|85
1|688356|95|95
1|688357|77|77
1|688358|85|85
1|688359|84|84
1|688360|79|79
1|688361|84|84
1|688362|95|95
1|688363|74|74
1|688365|85|85
1|688366|87|87
1|688367|65|65
1|688368|95|95
1|688369|82|82
1|688370|75|75
1|688371|90|90
1|688372|95|95
1|688373|64|64
1|688375|91|91
1|688376|98|98
1|688377|95|95
1|688378|92|92
1|688379|77|77
1|688380|100|100
1|688381|90|90
1|688382|74|74
1|688383|73|73
1|688385|82|82
1|688386|95|95
1|688387|80|80
1|688388|79|79
1|688389|95|95
1|688390|90|90
1|688391|77|77
1|688392|98|98
1|688393|88|88
1|688395|95|95
1|688396|95|95
1|688398|75|75
1|688399|85|85
1|688400|93|93
1|688401|92|92
1|688403|95|95
1|688408|72|72
1|688409|52|52
1|688410|100|100
1|688411|80|80
1|688416|80|80
1|688418|84|84
1|688419|87|87
1|688420|55|55
1|688425|84|84
1|688426|67|67
1|688428|69|69
1|688429|86|86
1|688432|80|80
1|688433|68|68
1|688435|85|85
1|688439|63|63
1|688443|82|82
1|688448|67|67
1|688449|93|93
1|688450|70|70
1|688455|80|80
1|688456|98|98
1|688458|77|77
1|688459|77|77
1|688466|90|90
1|688468|70|70
1|688469|77|77
1|688472|77|77
1|688475|95|95
1|688478|75|75
1|688479|85|85
1|688480|88|88
1|688484|92|92
1|688485|75|75
1|688486|100|100
1|688488|85|85
1|688489|90|90
1|688496|32|32
1|688498|81|81
1|688499|93|93
1|688500|80|80
1|688501|93|93
1|688502|91|91
1|688503|75|75
1|688505|83|83
1|688506|75|75
1|688507|88|88
1|688508|87|87
1|688509|77|77
1|688510|98|98
1|688511|46|46
1|688512|75|75
1|688513|92|92
1|688515|82|82
1|688516|64|64
1|688517|82|82
1|688518|82|82
1|688519|90|90
1|688520|25|25
1|688521|77|77
1|688522|100|100
1|688523|66|66
1|688525|95|95
1|688526|100|100
1|688528|90|90
1|688529|76|76
1|688530|79|79
1|688531|87|87
1|688533|100|100
1|688535|68|68
1|688536|89|89
1|688538|72|72
1|688539|82|82
1|688543|97|97
1|688545|100|100
1|688548|95|95
1|688549|77|77
1|688550|92|92
1|688551|95|95
1|688552|82|82
1|688553|82|82
1|688556|70|70
1|688557|88|88
1|688558|95|95
1|688559|73|73
1|688560|85|85
1|688561|78|78
1|688562|79|79
1|688563|82|82
1|688565|85|85
1|688566|92|92
1|688567|67|67
1|688568|65|65
1|688569|82|82
1|688570|65|65
1|688571|95|95
1|688573|61|61
1|688575|59|59
1|688576|95|95
1|688577|95|95
1|688578|97|97
1|688579|100|100
1|688580|100|100
1|688581|95|95
1|688582|90|90
1|688583|96|96
1|688584|90|90
1|688585|78|78
1|688586|49|49
1|688588|92|92
1|688589|80|80
1|688590|51|51
1|688591|84|84
1|688592|95|95
1|688593|82|82
1|688595|90|90
1|688596|72|72
1|688597|95|95
1|688598|85|85
1|688599|77|77
1|688600|90|90
1|688601|80|80
1|688602|66|66
1|688603|89|89
1|688605|100|100
1|688606|90|90
1|688607|62|62
1|688608|95|95
1|688609|64|64
1|688610|90|90
1|688611|85|85
1|688612|100|100
1|688613|90|90
1|688615|100|100
1|688616|95|95
1|688617|100|100
1|688618|92|92
1|688619|85|85
1|688620|90|90
1|688621|92|92
1|688622|21|21
1|688623|87|87
1|688625|89|89
1|688626|85|85
1|688627|82|82
1|688628|95|95
1|688629|92|92
1|688630|82|82
1|688631|85|85
1|688633|95|95
1|688636|85|85
1|688638|80|80
1|688639|100|100
1|688646|12|12
1|688648|93|93
1|688651|84|84
1|688652|87|87
1|688653|85|85
1|688655|90|90
1|688656|85|85
1|688657|90|90
1|688658|80|80
1|688659|85|85
1|688660|65|65
1|688661|87|87
1|688662|100|100
1|688663|92|92
1|688665|100|100
1|688667|95|95
1|688668|95|95
1|688669|61|61
1|688670|69|69
1|688671|74|74
1|688676|88|88
1|688677|81|81
1|688678|77|77
1|688679|78|78
1|688680|90|90
1|688681|90|90
1|688682|80|80
1|688683|85|85
1|688685|85|85
1|688686|95|95
1|688687|85|85
1|688689|89|89
1|688690|90|90
1|688691|78|78
1|688692|95|95
1|688693|90|90
1|688695|83|83
1|688696|100|100
1|688697|100|100
1|688698|90|90
1|688699|90|90
1|688700|94|94
1|688701|18|18
1|688702|67|67
1|688707|82|82
1|688708|92|92
1|688709|91|91
1|688710|88|88
1|688711|92|92
1|688712|92|92
1|688716|59|59
1|688717|87|87
1|688718|93|93
1|688719|79|79
1|688720|98|98
1|688721|95|95
1|688722|97|97
1|688726|79|79
1|688727|97|97
1|688728|80|80
1|688729|98|98
1|688733|85|85
1|688737|87|87
1|688739|72|72
1|688750|73|73
1|688755|92|92
1|688757|89|89
1|688758|88|88
1|688759|90|90
1|688765|82|82
1|688766|87|87
1|688767|80|80
1|688768|88|88
1|688772|90|90
1|688775|87|87
1|688776|68|68
1|688777|80|80
1|688778|92|92
1|688779|95|95
1|688783|85|85
1|688785|92|92
1|688786|92|92
1|688787|85|85
1|688788|70|70
1|688789|94|94
1|688790|90|90
1|688793|66|66
1|688795|72|72
1|688796|100|100
1|688798|100|100
1|688799|95|95
1|688800|90|90
1|688802|85|85
1|688805|100|100
1|688807|95|95
1|688809|100|100
1|688816|100|100
1|688818|87|87
1|688819|88|88
1|688981|87|87
1|689009|90|90
0|000001|100|100
0|000002|70|70
0|000004|-31|-31
0|000005|-72|-72
0|000006|90|90
0|000007|55|55
0|000008|80|80
0|000009|72|72
0|000010|27|27
0|000011|78|78
0|000012|70|70
0|000014|26|26
0|000016|-14|-14
0|000017|87|87
0|000019|94|94
0|000020|63|63
0|000021|100|100
0|000025|97|97
0|000026|87|87
0|000027|95|95
0|000028|90|90
0|000029|67|67
0|000030|95|95
0|000031|85|85
0|000032|80|80
0|000034|77|77
0|000035|87|87
0|000036|97|97
0|000037|90|90
0|000038|0|0
0|000039|82|82
0|000040|-87|-87
0|000042|44|44
0|000045|100|100
0|000046|-89|-89
0|000048|60|60
0|000049|87|87
0|000050|77|77
0|000055|67|67
0|000056|14|14
0|000058|95|95
0|000059|84|84
0|000060|92|92
0|000061|97|97
0|000062|95|95
0|000063|95|95
0|000065|95|95
0|000066|80|80
0|000068|75|75
0|000069|85|85
0|000070|85|85
0|000078|50|50
0|000088|89|89
0|000089|100|100
0|000090|69|69
0|000096|90|90
0|000099|87|87
0|000100|85|85
0|000150|-23|-23
0|000151|52|52
0|000153|95|95
0|000155|93|93
0|000156|90|90
0|000157|100|100
0|000158|75|75
0|000159|78|78
0|000166|97|97
0|000301|63|63
0|000333|100|100
0|000338|95|95
0|000400|83|83
0|000401|85|85
0|000402|85|85
0|000403|95|95
0|000404|86|86
0|000407|95|95
0|000408|82|82
0|000409|64|64
0|000410|51|51
0|000411|82|82
0|000415|67|67
0|000417|82|82
0|000419|100|100
0|000420|85|85
0|000421|95|95
0|000422|95|95
0|000423|98|98
0|000425|84|84
0|000426|61|61
0|000428|50|50
0|000429|100|100
0|000430|28|28
0|000488|-2|-2
0|000498|88|88
0|000501|90|90
0|000503|77|77
0|000504|28|28
0|000505|78|78
0|000506|55|55
0|000507|97|97
0|000509|57|57
0|000510|78|78
0|000513|100|100
0|000514|34|34
0|000516|74|74
0|000517|85|85
0|000518|54|54
0|000519|88|88
0|000520|55|55
0|000521|87|87
0|000523|85|85
0|000524|87|87
0|000525|83|83
0|000526|77|77
0|000528|84|84
0|000529|92|92
0|000530|87|87
0|000531|97|97
0|000532|95|95
0|000533|74|74
0|000534|89|89
0|000536|55|55
0|000537|93|93
0|000538|100|100
0|000539|67|67
0|000541|85|85
0|000543|97|97
0|000544|80|80
0|000545|47|47
0|000546|63|63
0|000547|54|54
0|000548|92|92
0|000550|87|87
0|000551|85|85
0|000552|74|74
0|000553|85|85
0|000554|95|95
0|000555|85|85
0|000557|79|79
0|000558|78|78
0|000559|95|95
0|000560|74|74
0|000561|76|76
0|000563|100|100
0|000564|68|68
0|000565|82|82
0|000566|47|47
0|000567|38|38
0|000568|97|97
0|000570|87|87
0|000571|63|63
0|000572|80|80
0|000573|75|75
0|000576|77|77
0|000581|97|97
0|000582|100|100
0|000586|72|72
0|000589|92|92
0|000590|58|58
0|000591|86|86
0|000592|62|62
0|000593|72|72
0|000595|-28|-28
0|000596|100|100
0|000597|95|95
0|000598|92|92
0|000599|68|68
0|000600|90|90
0|000601|87|87
0|000603|82|82
0|000605|82|82
0|000607|82|82
0|000608|57|57
0|000609|-36|-36
0|000610|2|2
0|000612|87|87
0|000615|-88|-88
0|000617|95|95
0|000619|90|90
0|000620|77|77
0|000623|97|97
0|000625|100|100
0|000626|80|80
0|000628|67|67
0|000629|80|80
0|000630|97|97
0|000631|84|84
0|000632|53|53
0|000633|78|78
0|000635|88|88
0|000636|97|97
0|000637|83|83
0|000638|-20|-20
0|000639|60|60
0|000650|97|97
0|000651|92|92
0|000652|53|53
0|000655|95|95
0|000656|-83|-83
0|000657|88|88
0|000659|63|63
0|000661|77|77
0|000663|42|42
0|000665|63|63
0|000668|36|36
0|000669|-72|-72
0|000670|60|60
0|000672|100|100
0|000676|95|95
0|000677|45|45
0|000678|78|78
0|000679|63|63
0|000680|90|90
0|000681|85|85
0|000682|97|97
0|000683|73|73
0|000685|100|100
0|000686|92|92
0|000687|0|0
0|000688|70|70
0|000690|76|76
0|000691|-64|-64
0|000692|8|8
0|000695|58|58
0|000697|-44|-44
0|000698|45|45
0|000700|95|95
0|000701|65|65
0|000702|85|85
0|000703|80|80
0|000705|97|97
0|000707|80|80
0|000708|95|95
0|000709|70|70
0|000710|64|64
0|000711|0|0
0|000712|62|62
0|000713|87|87
0|000715|100|100
0|000716|61|61
0|000717|88|88
0|000718|72|72
0|000719|95|95
0|000720|79|79
0|000721|65|65
0|000722|97|97
0|000723|80|80
0|000725|100|100
0|000726|95|95
0|000727|67|67
0|000728|92|92
0|000729|97|97
0|000731|88|88
0|000733|90|90
0|000735|85|85
0|000736|-11|-11
0|000737|84|84
0|000738|57|57
0|000739|100|100
0|000750|93|93
0|000751|96|96
0|000752|34|34
0|000753|84|84
0|000755|92|92
0|000756|92|92
0|000757|77|77
0|000758|100|100
0|000759|62|62
0|000761|76|76
0|000762|37|37
0|000766|84|84
0|000767|51|51
0|000768|75|75
0|000776|100|100
0|000777|96|96
0|000778|97|97
0|000779|95|95
0|000782|85|85
0|000783|100|100
0|000785|37|37
0|000786|95|95
0|000788|77|77
0|000789|61|61
0|000790|90|90
0|000791|100|100
0|000792|93|93
0|000793|-1|-1
0|000795|100|100
0|000796|59|59
0|000797|60|60
0|000798|82|82
0|000799|88|88
0|000800|81|81
0|000801|88|88
0|000802|75|75
0|000803|88|88
0|000807|89|89
0|000809|69|69
0|000810|82|82
0|000811|100|100
0|000812|76|76
0|000813|72|72
0|000815|52|52
0|000816|77|77
0|000818|67|67
0|000819|82|82
0|000820|-49|-49
0|000821|30|30
0|000822|82|82
0|000823|95|95
0|000825|76|76
0|000826|-65|-65
0|000828|92|92
0|000829|63|63
0|000830|86|86
0|000831|74|74
0|000833|97|97
0|000837|95|95
0|000838|14|14
0|000839|18|18
0|000848|89|89
0|000850|82|82
0|000851|-47|-47
0|000852|47|47
0|000856|44|44
0|000858|92|92
0|000859|87|87
0|000860|77|77
0|000862|82|82
0|000863|62|62
0|000868|64|64
0|000869|85|85
0|000875|57|57
0|000876|59|59
0|000877|82|82
0|000878|82|82
0|000880|87|87
0|000881|77|77
0|000882|83|83
0|000883|100|100
0|000885|87|87
0|000886|75|75
0|000887|100|100
0|000888|92|92
0|000889|60|60
0|000890|17|17
0|000892|59|59
0|000893|63|63
0|000895|100|100
0|000897|64|64
0|000898|88|88
0|000899|100|100
0|000900|93|93
0|000901|90|90
0|000902|94|94
0|000903|30|30
0|000905|100|100
0|000906|45|45
0|000908|-9|-9
0|000909|42|42
0|000910|72|72
0|000911|-1|-1
0|000912|72|72
0|000913|87|87
0|000915|100|100
0|000917|100|100
0|000918|-10|-10
0|000919|80|80
0|000920|94|94
0|000921|85|85
0|000922|95|95
0|000923|90|90
0|000925|82|82
0|000926|90|90
0|000927|79|79
0|000928|88|88
0|000929|-24|-24
0|000930|85|85
0|000931|71|71
0|000932|95|95
0|000933|95|95
0|000935|95|95
0|000936|90|90
0|000937|65|65
0|000938|70|70
0|000948|85|85
0|000949|87|87
0|000950|83|83
0|000951|87|87
0|000952|78|78
0|000953|54|54
0|000955|70|70
0|000957|88|88
0|000958|95|95
0|000959|88|88
0|000960|98|98
0|000962|91|91
0|000963|94|94
0|000965|100|100
0|000966|78|78
0|000967|95|95
0|000968|98|98
0|000969|97|97
0|000970|95|95
0|000971|-40|-40
0|000972|-21|-21
0|000973|92|92
0|000975|89|89
0|000977|69|69
0|000978|82|82
0|000980|29|29
0|000981|48|48
0|000982|25|25
0|000983|75|75
0|000985|70|70
0|000987|95|95
0|000988|92|92
0|000989|100|100
0|000990|85|85
0|000993|90|90
0|000995|9|9
0|000997|89|89
0|000998|83|83
0|000999|95|95
0|001201|83|83
0|001202|95|95
0|001203|98|98
0|001205|87|87
0|001206|95|95
0|001207|97|97
0|001208|86|86
0|001209|75|75
0|001210|90|90
0|001211|61|61
0|001212|62|62
0|001213|97|97
0|001215|100|100
0|001216|87|87
0|001217|80|80
0|001218|95|95
0|001219|100|100
0|001220|95|95
0|001221|100|100
0|001222|84|84
0|001223|98|98
0|001225|90|90
0|001226|95|95
0|001227|92|92
0|001228|90|90
0|001229|90|90
0|001230|89|89
0|001231|92|92
0|001233|100|100
0|001234|90|90
0|001236|77|77
0|001238|85|85
0|001239|96|96
0|001255|85|85
0|001256|95|95
0|001258|80|80
0|001259|80|80
0|001260|95|95
0|001266|100|100
0|001267|86|86
0|001268|69|69
0|001269|77|77
0|001270|46|46
0|001277|83|83
0|001278|88|88
0|001279|98|98
0|001280|89|89
0|001282|90|90
0|001283|100|100
0|001285|94|94
0|001286|87|87
0|001287|40|40
0|001288|92|92
0|001289|84|84
0|001296|100|100
0|001298|82|82
0|001299|95|95
0|001300|90|90
0|001301|85|85
0|001306|88|88
0|001308|100|100
0|001309|77|77
0|001311|100|100
0|001313|74|74
0|001314|79|79
0|001316|95|95
0|001317|88|88
0|001318|97|97
0|001319|89|89
0|001322|93|93
0|001323|82|82
0|001324|85|85
0|001325|100|100
0|001326|75|75
0|001328|89|89
0|001330|75|75
0|001331|54|54
0|001332|92|92
0|001333|85|85
0|001335|95|95
0|001336|78|78
0|001337|91|91
0|001338|97|97
0|001339|100|100
0|001356|75|75
0|001358|90|90
0|001359|100|100
0|001360|85|85
0|001366|85|85
0|001367|87|87
0|001368|84|84
0|001369|90|90
0|001373|70|70
0|001376|95|95
0|001378|95|95
0|001379|95|95
0|001380|85|85
0|001382|95|95
0|001386|90|90
0|001387|95|95
0|001388|100|100
0|001389|92|92
0|001390|86|86
0|001391|100|100
0|001395|100|100
0|001396|100|100
0|001400|82|82
0|001696|93|93
0|001872|97|97
0|001896|53|53
0|001914|97|97
0|001965|97|97
0|001979|82|82
0|002001|95|95
0|002003|100|100
0|002004|83|83
0|002005|32|32
0|002006|100|100
0|002007|95|95
0|002008|87|87
0|002009|79|79
0|002010|100|100
0|002011|93|93
0|002012|74|74
0|002014|89|89
0|002015|74|74
0|002016|85|85
0|002017|95|95
0|002019|94|94
0|002020|100|100
0|002021|57|57
0|002022|82|82
0|002023|90|90
0|002024|20|20
0|002025|77|77
0|002026|100|100
0|002027|95|95
0|002028|95|95
0|002029|92|92
0|002030|77|77
0|002031|82|82
0|002032|90|90
0|002033|97|97
0|002034|90|90
0|002035|100|100
0|002036|55|55
0|002037|62|62
0|002038|75|75
0|002039|98|98
0|002040|100|100
0|002041|87|87
0|002042|85|85
0|002043|92|92
0|002044|90|90
0|002045|80|80
0|002046|95|95
0|002047|-62|-62
0|002048|70|70
0|002049|80|80
0|002050|90|90
0|002051|93|93
0|002052|52|52
0|002053|67|67
0|002054|95|95
0|002055|13|13
0|002056|100|100
0|002057|92|92
0|002058|-27|-27
0|002059|27|27
0|002060|87|87
0|002061|87|87
0|002062|87|87
0|002063|90|90
0|002064|100|100
0|002065|89|89
0|002066|85|85
0|002067|90|90
0|002068|83|83
0|002069|30|30
0|002072|62|62
0|002073|98|98
0|002074|85|85
0|002075|93|93
0|002076|-27|-27
0|002077|90|90
0|002078|93|93
0|002079|100|100
0|002080|90|90
0|002081|80|80
0|002082|67|67
0|002083|86|86
0|002084|80|80
0|002085|95|95
0|002086|65|65
0|002088|75|75
0|002090|92|92
0|002091|85|85
0|002092|88|88
0|002093|95|95
0|002094|76|76
0|002095|90|90
0|002096|100|100
0|002097|90|90
0|002098|89|89
0|002099|70|70
0|002100|79|79
0|002101|100|100
0|002102|70|70
0|002103|90|90
0|002104|77|77
0|002105|85|85
0|002106|100|100
0|002107|92|92
0|002108|100|100
0|002109|85|85
0|002110|81|81
0|002111|94|94
0|002112|68|68
0|002114|57|57
0|002115|67|67
0|002116|100|100
0|002117|100|100
0|002119|86|86
0|002120|95|95
0|002121|60|60
0|002122|35|35
0|002123|77|77
0|002124|60|60
0|002125|85|85
0|002126|77|77
0|002127|67|67
0|002128|93|93
0|002129|80|80
0|002130|82|82
0|002131|78|78
0|002132|87|87
0|002133|77|77
0|002134|60|60
0|002135|63|63
0|002136|88|88
0|002137|63|63
0|002138|90|90
0|002139|97|97
0|002140|87|87
0|002141|63|63
0|002142|97|97
0|002144|95|95
0|002145|100|100
0|002146|62|62
0|002148|80|80
0|002149|74|74
0|002150|98|98
0|002151|75|75
0|002152|100|100
0|002153|72|72
0|002154|100|100
0|002155|79|79
0|002156|89|89
0|002157|75|75
0|002158|87|87
0|002159|54|54
0|002160|78|78
0|002161|84|84
0|002162|80|80
0|002163|67|67
0|002164|87|87
0|002165|62|62
0|002166|84|84
0|002167|80|80
0|002168|-55|-55
0|002169|84|84
0|002170|100|100
0|002171|84|84
0|002172|70|70
0|002173|70|70
0|002174|76|76
0|002175|-2|-2
0|002176|82|82
0|002177|81|81
0|002178|85|85
0|002179|87|87
0|002180|75|75
0|002181|90|90
0|002182|76|76
0|002183|60|60
0|002184|70|70
0|002185|92|92
0|002186|75|75
0|002187|87|87
0|002188|73|73
0|002189|70|70
0|002190|77|77
0|002191|42|42
0|002192|90|90
0|002193|24|24
0|002194|90|90
0|002195|95|95
0|002196|75|75
0|002197|34|34
0|002198|72|72
0|002199|-24|-24
0|002200|-51|-51
0|002201|76|76
0|002202|80|80
0|002203|98|98
0|002204|95|95
0|002205|58|58
0|002206|100|100
0|002207|49|49
0|002208|88|88
0|002209|85|85
0|002210|63|63
0|002211|15|15
0|002212|54|54
0|002213|90|90
0|002214|43|43
0|002215|94|94
0|002216|89|89
0|002217|34|34
0|002218|85|85
0|002219|76|76
0|002221|75|75
0|002222|95|95
0|002223|100|100
0|002224|86|86
0|002225|95|95
0|002226|97|97
0|002227|3|3
0|002228|80|80
0|002229|54|54
0|002230|85|85
0|002231|-79|-79
0|002232|82|82
0|002233|87|87
0|002234|83|83
0|002235|75|75
0|002236|92|92
0|002237|82|82
0|002238|82|82
0|002239|92|92
0|002240|82|82
0|002241|91|91
0|002242|90|90
0|002243|88|88
0|002244|92|92
0|002245|95|95
0|002246|87|87
0|002247|50|50
0|002248|69|69
0|002249|95|95
0|002250|100|100
0|002251|75|75
0|002252|97|97
0|002253|-39|-39
0|002254|82|82
0|002255|92|92
0|002256|80|80
0|002258|97|97
0|002259|65|65
0|002261|69|69
0|002262|94|94
0|002263|80|80
0|002264|83|83
0|002265|70|70
0|002266|90|90
0|002267|93|93
0|002268|68|68
0|002269|50|50
0|002270|100|100
0|002271|100|100
0|002272|77|77
0|002273|94|94
0|002274|90|90
0|002275|100|100
0|002276|85|85
0|002277|75|75
0|002278|86|86
0|002279|87|87
0|002281|92|92
0|002282|100|100
0|002283|100|100
0|002284|100|100
0|002285|82|82
0|002286|87|87
0|002287|100|100
0|002289|23|23
0|002290|80|80
0|002291|72|72
0|002292|70|70
0|002293|100|100
0|002294|95|95
0|002295|49|49
0|002296|83|83
0|002297|85|85
0|002298|77|77
0|002299|87|87
0|002300|90|90
0|002301|92|92
0|002302|85|85
0|002303|90|90
0|002304|77|77
0|002305|-38|-38
0|002306|-51|-51
0|002307|82|82
0|002309|55|55
0|002310|29|29
0|002311|100|100
0|002312|100|100
0|002313|63|63
0|002314|77|77
0|002315|100|100
0|002316|53|53
0|002317|90|90
0|002318|94|94
0|002319|71|71
0|002320|94|94
0|002321|82|82
0|002322|85|85
0|002323|72|72
0|002324|93|93
0|002326|72|72
0|002327|85|85
0|002328|100|100
0|002329|50|50
0|002330|85|85
0|002331|82|82
0|002332|92|92
0|002333|95|95
0|002334|90|90
0|002335|85|85
0|002337|95|95
0|002338|91|91
0|002339|90|90
0|002340|94|94
0|002342|72|72
0|002343|67|67
0|002344|100|100
0|002345|87|87
0|002346|97|97
0|002347|85|85
0|002348|80|80
0|002349|92|92
0|002350|100|100
0|002351|97|97
0|002352|100|100
0|002353|97|97
0|002354|82|82
0|002355|62|62
0|002356|65|65
0|002357|93|93
0|002358|93|93
0|002360|39|39
0|002361|92|92
0|002362|85|85
0|002363|95|95
0|002364|87|87
0|002365|75|75
0|002366|80|80
0|002367|85|85
0|002368|76|76
0|002369|49|49
0|002370|87|87
0|002371|94|94
0|002372|100|100
0|002373|90|90
0|002374|67|67
0|002375|90|90
0|002376|100|100
0|002377|65|65
0|002378|95|95
0|002379|60|60
0|002380|95|95
0|002381|75|75
0|002382|80|80
0|002383|59|59
0|002384|87|87
0|002385|75|75
0|002386|77|77
0|002387|57|57
0|002388|32|32
0|002389|64|64
0|002390|97|97
0|002391|84|84
0|002392|85|85
0|002393|95|95
0|002394|97|97
0|002395|84|84
0|002396|100|100
0|002397|78|78
0|002398|90|90
0|002399|85|85
0|002400|87|87
0|002401|75|75
0|002402|82|82
0|002403|66|66
0|002404|100|100
0|002405|80|80
0|002406|94|94
0|002407|83|83
0|002408|79|79
0|002409|97|97
0|002410|95|95
0|002412|90|90
0|002413|66|66
0|002414|77|77
0|002415|100|100
0|002416|97|97
0|002418|82|82
0|002419|54|54
0|002420|83|83
0|002421|80|80
0|002422|95|95
0|002423|65|65
0|002424|-15|-15
0|002425|64|64
0|002426|78|78
0|002427|72|72
0|002428|73|73
0|002429|74|74
0|002430|100|100
0|002431|57|57
0|002432|92|92
0|002434|100|100
0|002436|64|64
0|002437|90|90
0|002438|97|97
0|002439|85|85
0|002440|100|100
0|002441|97|97
0|002442|81|81
0|002443|100|100
0|002444|100|100
0|002445|92|92
0|002446|72|72
0|002448|100|100
0|002449|72|72
0|002451|74|74
0|002452|100|100
0|002453|77|77
0|002454|88|88
0|002455|52|52
0|002456|68|68
0|002457|80|80
0|002458|80|80
0|002459|75|75
0|002460|78|78
0|002461|100|100
0|002462|87|87
0|002463|84|84
0|002465|82|82
0|002466|80|80
0|002467|85|85
0|002468|90|90
0|002469|97|97
0|002470|52|52
0|002471|77|77
0|002472|100|100
0|002474|80|80
0|002475|91|91
0|002476|82|82
0|002478|100|100
0|002479|98|98
0|002480|54|54
0|002481|77|77
0|002482|65|65
0|002483|95|95
0|002484|100|100
0|002485|39|39
0|002486|64|64
0|002487|95|95
0|002488|82|82
0|002489|100|100
0|002490|47|47
0|002491|69|69
0|002492|82|82
0|002493|93|93
0|002494|87|87
0|002495|77|77
0|002496|12|12
0|002497|100|100
0|002498|100|100
0|002500|100|100
0|002501|14|14
0|002506|47|47
0|002507|97|97
0|002508|100|100
0|002510|92|92
0|002511|92|92
0|002512|0|0
0|002513|19|19
0|002514|-49|-49
0|002515|90|90
0|002516|100|100
0|002517|87|87
0|002518|90|90
0|002519|9|9
0|002520|36|36
0|002521|95|95
0|002522|87|87
0|002523|97|97
0|002524|55|55
0|002526|77|77
0|002527|77|77
0|002528|-51|-51
0|002529|32|32
0|002530|85|85
0|002531|64|64
0|002532|100|100
0|002533|95|95
0|002534|100|100
0|002535|45|45
0|002536|87|87
0|002537|100|100
0|002538|60|60
0|002539|94|94
0|002540|100|100
0|002541|100|100
0|002542|55|55
0|002543|85|85
0|002544|80|80
0|002545|95|95
0|002546|100|100
0|002547|-2|-2
0|002548|82|82
0|002549|85|85
0|002550|92|92
0|002551|87|87
0|002552|85|85
0|002553|100|100
0|002554|85|85
0|002555|82|82
0|002556|95|95
0|002557|75|75
0|002558|90|90
0|002559|95|95
0|002560|83|83
0|002561|87|87
0|002562|95|95
0|002563|100|100
0|002564|57|57
0|002565|70|70
0|002566|89|89
0|002567|75|75
0|002568|100|100
0|002569|-43|-43
0|002570|61|61
0|002571|83|83
0|002572|80|80
0|002573|49|49
0|002574|87|87
0|002575|51|51
0|002576|95|95
0|002577|77|77
0|002578|88|88
0|002579|85|85
0|002580|92|92
0|002581|-27|-27
0|002582|90|90
0|002583|64|64
0|002584|68|68
0|002585|90|90
0|002586|31|31
0|002587|90|90
0|002588|100|100
0|002589|90|90
0|002590|100|100
0|002591|85|85
0|002592|44|44
0|002593|100|100
0|002594|95|95
0|002595|92|92
0|002596|29|29
0|002597|95|95
0|002598|78|78
0|002599|90|90
0|002600|77|77
0|002601|72|72
0|002602|68|68
0|002603|90|90
0|002605|95|95
0|002606|87|87
0|002607|52|52
0|002608|87|87
0|002609|100|100
0|002611|95|95
0|002612|90|90
0|002613|80|80
0|002614|90|90
0|002615|85|85
0|002616|90|90
0|002617|74|74
0|002620|-40|-40
0|002622|68|68
0|002623|85|85
0|002624|85|85
0|002625|72|72
0|002626|95|95
0|002627|82|82
0|002628|74|74
0|002629|-3|-3
0|002630|-89|-89
0|002631|90|90
0|002632|95|95
0|002633|62|62
0|002634|-13|-13
0|002635|80|80
0|002636|95|95
0|002637|94|94
0|002638|72|72
0|002639|89|89
0|002640|62|62
0|002641|80|80
0|002642|95|95
0|002643|97|97
0|002644|97|97
0|002645|77|77
0|002646|72|72
0|002647|17|17
0|002648|100|100
0|002649|95|95
0|002650|27|27
0|002651|80|80
0|002652|15|15
0|002653|100|100
0|002654|83|83
0|002655|95|95
0|002656|-7|-7
0|002657|80|80
0|002658|100|100
0|002659|82|82
0|002660|82|82
0|002661|87|87
0|002662|92|92
0|002663|85|85
0|002664|81|81
0|002666|97|97
0|002667|7|7
0|002668|78|78
0|002669|80|80
0|002670|84|84
0|002671|95|95
0|002672|64|64
0|002673|100|100
0|002674|85|85
0|002675|97|97
0|002676|95|95
0|002677|75|75
0|002678|85|85
0|002679|26|26
0|002681|72|72
0|002682|62|62
0|002683|95|95
0|002685|60|60
0|002686|77|77
0|002687|95|95
0|002688|84|84
0|002689|42|42
0|002690|92|92
0|002691|84|84
0|002692|78|78
0|002693|-28|-28
0|002694|9|9
0|002695|100|100
0|002696|85|85
0|002697|90|90
0|002698|94|94
0|002700|92|92
0|002701|90|90
0|002702|71|71
0|002703|95|95
0|002705|97|97
0|002706|95|95
0|002707|90|90
0|002708|100|100
0|002709|95|95
0|002712|90|90
0|002713|-43|-43
0|002714|98|98
0|002715|49|49
0|002716|77|77
0|002717|-98|-98
0|002718|80|80
0|002719|45|45
0|002721|77|77
0|002722|92|92
0|002723|85|85
0|002724|85|85
0|002725|77|77
0|002726|32|32
0|002727|100|100
0|002728|95|95
0|002729|75|75
0|002730|89|89
0|002731|7|7
0|002732|97|97
0|002733|100|100
0|002734|100|100
0|002735|90|90
0|002736|95|95
0|002737|80|80
0|002738|87|87
0|002739|85|85
0|002741|80|80
0|002742|-47|-47
0|002743|29|29
0|002745|82|82
0|002746|100|100
0|002747|67|67
0|002748|92|92
0|002749|95|95
0|002752|95|95
0|002753|83|83
0|002755|82|82
0|002756|100|100
0|002757|77|77
0|002758|87|87
0|002759|47|47
0|002760|82|82
0|002761|57|57
0|002762|39|39
0|002763|92|92
0|002765|95|95
0|002766|57|57
0|002767|95|95
0|002768|90|90
0|002769|71|71
0|002771|80|80
0|002772|100|100
0|002773|100|100
0|002774|83|83
0|002775|35|35
0|002777|97|97
0|002778|62|62
0|002779|82|82
0|002780|55|55
0|002782|100|100
0|002783|97|97
0|002785|74|74
0|002786|65|65
0|002787|95|95
0|002788|90|90
0|002789|-50|-50
0|002790|62|62
0|002791|77|77
0|002792|69|69
0|002793|85|85
0|002795|70|70
0|002796|80|80
0|002797|82|82
0|002798|72|72
0|002799|60|60
0|002800|68|68
0|002801|100|100
0|002802|95|95
0|002803|100|100
0|002805|80|80
0|002806|87|87
0|002807|95|95
0|002808|-52|-52
0|002809|70|70
0|002810|98|98
0|002811|90|90
0|002812|74|74
0|002813|85|85
0|002815|100|100
0|002816|31|31
0|002817|92|92
0|002818|90|90
0|002819|77|77
0|002820|75|75
0|002821|100|100
0|002822|-16|-16
0|002823|97|97
0|002824|87|87
0|002825|90|90
0|002826|87|87
0|002827|93|93
0|002828|79|79
0|002829|74|74
0|002830|93|93
0|002831|90|90
0|002832|100|100
0|002833|95|95
0|002835|95|95
0|002836|74|74
0|002837|87|87
0|002838|93|93
0|002839|92|92
0|002840|90|90
0|002841|95|95
0|002842|82|82
0|002843|82|82
0|002845|82|82
0|002846|72|72
0|002847|98|98
0|002848|-21|-21
0|002849|100|100
0|002850|90|90
0|002851|75|75
0|002852|91|91
0|002853|82|82
0|002855|55|55
0|002856|50|50
0|002857|75|75
0|002858|85|85
0|002859|100|100
0|002860|94|94
0|002861|90|90
0|002862|56|56
0|002863|92|92
0|002864|94|94
0|002865|80|80
0|002866|90|90
0|002867|81|81
0|002868|44|44
0|002869|90|90
0|002870|95|95
0|002871|79|79
0|002872|19|19
0|002873|67|67
0|002875|62|62
0|002876|94|94
0|002877|63|63
0|002878|85|85
0|002879|100|100
0|002880|95|95
0|002881|90|90
0|002882|97|97
0|002883|27|27
0|002884|100|100
0|002885|95|95
0|002886|100|100
0|002887|90|90
0|002888|92|92
0|002889|95|95
0|002890|93|93
0|002891|93|93
0|002892|95|95
0|002893|87|87
0|002895|94|94
0|002896|95|95
0|002897|92|92
0|002898|-36|-36
0|002899|95|95
0|002900|90|90
0|002901|95|95
0|002902|90|90
0|002903|69|69
0|002905|62|62
0|002906|90|90
0|002907|100|100
0|002908|85|85
0|002909|85|85
0|002910|83|83
0|002911|95|95
0|002912|85|85
0|002913|86|86
0|002915|84|84
0|002916|87|87
0|002917|95|95
0|002918|90|90
0|002919|85|85
0|002920|95|95
0|002921|90|90
0|002922|97|97
0|002923|77|77
0|002925|95|95
0|002926|92|92
0|002927|82|82
0|002928|85|85
0|002929|61|61
0|002930|74|74
0|002931|83|83
0|002932|67|67
0|002933|79|79
0|002935|83|83
0|002936|85|85
0|002937|100|100
0|002938|85|85
0|002939|100|100
0|002940|95|95
0|002941|95|95
0|002942|95|95
0|002943|70|70
0|002945|97|97
0|002946|98|98
0|002947|100|100
0|002948|100|100
0|002949|90|90
0|002950|100|100
0|002951|84|84
0|002952|82|82
0|002953|87|87
0|002955|67|67
0|002956|95|95
0|002957|94|94
0|002958|87|87
0|002959|89|89
0|002960|84|84
0|002961|95|95
0|002962|81|81
0|002963|72|72
0|002965|85|85
0|002966|92|92
0|002967|100|100
0|002968|95|95
0|002969|55|55
0|002970|100|100
0|002971|85|85
0|002972|72|72
0|002973|53|53
0|002975|95|95
0|002976|61|61
0|002977|9|9
0|002978|90|90
0|002979|95|95
0|002980|92|92
0|002981|97|97
0|002982|75|75
0|002983|95|95
0|002984|95|95
0|002985|89|89
0|002986|72|72
0|002987|92|92
0|002988|90|90
0|002989|18|18
0|002990|83|83
0|002991|95|95
0|002992|87|87
0|002993|95|95
0|002995|56|56
0|002996|76|76
0|002997|92|92
0|002998|80|80
0|002999|88|88
0|003000|100|100
0|003001|85|85
0|003002|100|100
0|003003|85|85
0|003004|29|29
0|003005|90|90
0|003006|78|78
0|003007|72|72
0|003008|80|80
0|003009|87|87
0|003010|90|90
0|003011|90|90
0|003012|100|100
0|003013|92|92
0|003015|100|100
0|003016|70|70
0|003017|85|85
0|003018|90|90
0|003019|100|100
0|003020|100|100
0|003021|89|89
0|003022|95|95
0|003023|90|90
0|003025|100|100
0|003026|90|90
0|003027|93|93
0|003028|87|87
0|003029|85|85
0|003030|70|70
0|003031|98|98
0|003032|51|51
0|003033|95|95
0|003035|75|75
0|003036|85|85
0|003037|93|93
0|003038|73|73
0|003039|100|100
0|003040|90|90
0|003041|100|100
0|003042|88|88
0|003043|100|100
0|003816|100|100
0|300001|87|87
0|300002|85|85
0|300003|90|90
0|300004|85|85
0|300005|82|82
0|300006|87|87
0|300007|92|92
0|300008|92|92
0|300009|95|95
0|300010|61|61
0|300011|77|77
0|300012|100|100
0|300013|81|81
0|300014|95|95
0|300015|95|95
0|300016|100|100
0|300017|93|93
0|300018|90|90
0|300019|100|100
0|300020|13|13
0|300021|92|92
0|300022|64|64
0|300024|87|87
0|300025|72|72
0|300026|100|100
0|300027|-16|-16
0|300029|-62|-62
0|300030|77|77
0|300031|100|100
0|300032|80|80
0|300033|92|92
0|300034|81|81
0|300035|77|77
0|300036|70|70
0|300037|98|98
0|300039|100|100
0|300040|80|80
0|300041|92|92
0|300042|84|84
0|300043|85|85
0|300044|-64|-64
0|300045|84|84
0|300046|92|92
0|300047|90|90
0|300048|95|95
0|300049|87|87
0|300050|72|72
0|300051|68|68
0|300052|36|36
0|300053|80|80
0|300054|95|95
0|300055|84|84
0|300056|53|53
0|300057|90|90
0|300058|72|72
0|300059|100|100
0|300061|90|90
0|300062|80|80
0|300063|100|100
0|300065|98|98
0|300066|95|95
0|300067|85|85
0|300068|80|80
0|300069|70|70
0|300070|70|70
0|300071|31|31
0|300072|72|72
0|300073|97|97
0|300074|69|69
0|300075|85|85
0|300076|72|72
0|300077|77|77
0|300078|50|50
0|300079|74|74
0|300080|70|70
0|300081|62|62
0|300082|84|84
0|300083|95|95
0|300084|79|79
0|300085|82|82
0|300086|77|77
0|300087|55|55
0|300088|95|95
0|300091|-6|-6
0|300092|85|85
0|300093|-90|-90
0|300094|70|70
0|300095|69|69
0|300096|2|2
0|300097|41|41
0|300098|73|73
0|300099|94|94
0|300100|90|90
0|300101|76|76
0|300102|97|97
0|300103|77|77
0|300105|82|82
0|300106|78|78
0|300107|72|72
0|300109|90|90
0|300110|80|80
0|300111|59|59
0|300112|85|85
0|300113|97|97
0|300115|89|89
0|300118|69|69
0|300119|100|100
0|300120|80|80
0|300121|92|92
0|300122|82|82
0|300123|31|31
0|300124|97|97
0|300125|-57|-57
0|300126|85|85
0|300127|100|100
0|300128|73|73
0|300129|88|88
0|300130|92|92
0|300131|54|54
0|300132|87|87
0|300133|95|95
0|300134|82|82
0|300135|72|72
0|300136|97|97
0|300137|69|69
0|300138|98|98
0|300139|88|88
0|300140|82|82
0|300141|80|80
0|300142|54|54
0|300143|95|95
0|300144|100|100
0|300145|87|87
0|300146|90|90
0|300147|40|40
0|300148|95|95
0|300149|57|57
0|300150|90|90
0|300151|97|97
0|300152|-74|-74
0|300153|77|77
0|300154|100|100
0|300155|85|85
0|300157|68|68
0|300158|77|77
0|300159|-73|-73
0|300160|92|92
0|300161|87|87
0|300162|75|75
0|300163|27|27
0|300164|76|76
0|300165|49|49
0|300166|87|87
0|300167|27|27
0|300168|80|80
0|300169|-7|-7
0|300170|84|84
0|300171|95|95
0|300172|90|90
0|300173|29|29
0|300174|100|100
0|300175|36|36
0|300176|87|87
0|300177|74|74
0|300179|90|90
0|300180|100|100
0|300181|100|100
0|300182|64|64
0|300183|90|90
0|300184|93|93
0|300185|84|84
0|300187|66|66
0|300188|87|87
0|300189|85|85
0|300190|55|55
0|300191|70|70
0|300192|95|95
0|300193|92|92
0|300194|90|90
0|300195|98|98
0|300196|95|95
0|300197|24|24
0|300198|-77|-77
0|300199|61|61
0|300200|95|95
0|300201|82|82
0|300203|72|72
0|300204|85|85
0|300205|-19|-19
0|300206|95|95
0|300207|72|72
0|300209|-6|-6
0|300210|73|73
0|300211|51|51
0|300212|4|4
0|300213|80|80
0|300214|72|72
0|300215|87|87
0|300217|77|77
0|300218|92|92
0|300219|80|80
0|300220|82|82
0|300221|85|85
0|300222|100|100
0|300223|85|85
0|300224|100|100
0|300225|-33|-33
0|300226|70|70
0|300227|81|81
0|300228|95|95
0|300229|90|90
0|300230|92|92
0|300231|85|85
0|300232|100|100
0|300233|75|75
0|300234|77|77
0|300235|81|81
0|300236|100|100
0|300237|-57|-57
0|300238|97|97
0|300239|100|100
0|300240|85|85
0|300241|89|89
0|300242|68|68
0|300243|80|80
0|300244|70|70
0|300245|80|80
0|300246|67|67
0|300247|84|84
0|300248|90|90
0|300249|59|59
0|300250|52|52
0|300251|92|92
0|300252|76|76
0|300253|75|75
0|300254|90|90
0|300255|88|88
0|300256|85|85
0|300257|92|92
0|300258|95|95
0|300259|95|95
0|300260|97|97
0|300261|85|85
0|300263|95|95
0|300264|60|60
0|300265|69|69
0|300266|43|43
0|300267|75|75
0|300268|-41|-41
0|300269|55|55
0|300270|82|82
0|300271|85|85
0|300272|95|95
0|300274|90|90
0|300275|82|82
0|300276|79|79
0|300277|83|83
0|300278|75|75
0|300279|87|87
0|300281|74|74
0|300283|72|72
0|300284|67|67
0|300285|100|100
0|300286|100|100
0|300287|75|75
0|300288|73|73
0|300289|85|85
0|300290|74|74
0|300291|80|80
0|300292|95|95
0|300293|82|82
0|300294|90|90
0|300295|34|34
0|300296|85|85
0|300298|85|85
0|300299|77|77
0|300300|43|43
0|300301|-1|-1
0|300302|80|80
0|300303|92|92
0|300304|91|91
0|300305|90|90
0|300306|100|100
0|300307|85|85
0|300308|95|95
0|300310|75|75
0|300311|39|39
0|300313|-36|-36
0|300314|100|100
0|300315|75|75
0|300316|75|75
0|300317|69|69
0|300318|79|79
0|300319|100|100
0|300320|100|100
0|300321|84|84
0|300322|88|88
0|300323|69|69
0|300324|62|62
0|300326|14|14
0|300327|85|85
0|300328|68|68
0|300329|80|80
0|300331|67|67
0|300332|90|90
0|300333|90|90
0|300334|75|75
0|300335|95|95
0|300337|78|78
0|300338|-21|-21
0|300339|82|82
0|300340|-1|-1
0|300341|89|89
0|300342|64|64
0|300343|54|54
0|300344|-41|-41
0|300345|68|68
0|300346|85|85
0|300347|90|90
0|300348|79|79
0|300349|95|95
0|300350|82|82
0|300351|85|85
0|300352|57|57
0|300353|85|85
0|300354|86|86
0|300355|89|89
0|300357|92|92
0|300358|80|80
0|300359|85|85
0|300360|100|100
0|300363|77|77
0|300364|87|87
0|300365|72|72
0|300366|5|5
0|300368|71|71
0|300369|80|80
0|300370|66|66
0|300371|95|95
0|300373|100|100
0|300374|65|65
0|300375|80|80
0|300376|70|70
0|300377|50|50
0|300378|86|86
0|300379|0|0
0|300380|89|89
0|300381|82|82
0|300382|84|84
0|300383|75|75
0|300384|100|100
0|300385|29|29
0|300386|90|90
0|300387|95|95
0|300388|90|90
0|300389|97|97
0|300390|80|80
0|300391|-77|-77
0|300393|69|69
0|300394|79|79
0|300395|88|88
0|300396|69|69
0|300397|82|82
0|300398|100|100
0|300399|82|82
0|300400|90|90
0|300401|97|97
0|300402|97|97
0|300403|100|100
0|300404|80|80
0|300405|85|85
0|300406|70|70
0|300407|92|92
0|300408|100|100
0|300409|95|95
0|300410|46|46
0|300411|63|63
0|300412|85|85
0|300413|95|95
0|300414|100|100
0|300415|94|94
0|300416|94|94
0|300417|90|90
0|300418|75|75
0|300419|16|16
0|300420|72|72
0|300421|100|100
0|300422|58|58
0|300423|69|69
0|300424|72|72
0|300425|80|80
0|300426|55|55
0|300427|90|90
0|300428|87|87
0|300429|90|90
0|300430|81|81
0|300432|81|81
0|300433|100|100
0|300434|100|100
0|300435|85|85
0|300436|77|77
0|300437|65|65
0|300438|70|70
0|300439|85|85
0|300440|71|71
0|300441|85|85
0|300442|87|87
0|300443|95|95
0|300444|81|81
0|300445|90|90
0|300446|87|87
0|300447|87|87
0|300448|87|87
0|300449|85|85
0|300450|80|80
0|300451|72|72
0|300452|91|91
0|300453|100|100
0|300454|85|85
0|300455|77|77
0|300456|63|63
0|300457|85|85
0|300458|90|90
0|300459|49|49
0|300460|11|11
0|300461|62|62
0|300462|35|35
0|300463|80|80
0|300464|49|49
0|300465|90|90
0|300466|84|84
0|300467|71|71
0|300468|98|98
0|300469|85|85
0|300470|94|94
0|300471|95|95
0|300472|-115|-115
0|300473|87|87
0|300474|80|80
0|300475|78|78
0|300476|95|95
0|300477|12|12
0|300478|65|65
0|300479|77|77
0|300480|85|85
0|300481|95|95
0|300482|75|75
0|300483|82|82
0|300484|100|100
0|300485|85|85
0|300486|80|80
0|300487|100|100
0|300488|95|95
0|300489|81|81
0|300490|79|79
0|300491|98|98
0|300492|41|41
0|300493|93|93
0|300494|87|87
0|300496|87|87
0|300497|90|90
0|300498|95|95
0|300499|67|67
0|300500|60|60
0|300501|80|80
0|300502|80|80
0|300503|87|87
0|300504|77|77
0|300505|90|90
0|300506|-31|-31
0|300507|97|97
0|300508|100|100
0|300509|95|95
0|300510|74|74
0|300511|70|70
0|300512|93|93
0|300513|50|50
0|300514|85|85
0|300515|100|100
0|300516|85|85
0|300517|80|80
0|300518|59|59
0|300519|95|95
0|300520|80|80
0|300521|85|85
0|300522|69|69
0|300523|83|83
0|300525|67|67
0|300527|52|52
0|300528|77|77
0|300529|100|100
0|300530|50|50
0|300531|85|85
0|300532|100|100
0|300533|90|90
0|300534|100|100
0|300535|80|80
0|300536|58|58
0|300537|75|75
0|300538|90|90
0|300539|90|90
0|300540|90|90
0|300541|87|87
0|300542|82|82
0|300543|87|87
0|300545|85|85
0|300546|100|100
0|300547|95|95
0|300548|82|82
0|300549|92|92
0|300550|95|95
0|300551|44|44
0|300552|80|80
0|300553|98|98
0|300554|77|77
0|300555|1|1
0|300556|85|85
0|300557|97|97
0|300558|95|95
0|300559|100|100
0|300560|77|77
0|300561|-7|-7
0|300562|95|95
0|300563|100|100
0|300564|80|80
0|300565|84|84
0|300566|100|100
0|300567|85|85
0|300568|67|67
0|300569|84|84
0|300570|82|82
0|300571|79|79
0|300572|69|69
0|300573|95|95
0|300575|85|85
0|300576|100|100
0|300577|100|100
0|300578|85|85
0|300579|87|87
0|300580|94|94
0|300581|64|64
0|300582|75|75
0|300583|70|70
0|300584|88|88
0|300585|80|80
0|300586|70|70
0|300587|64|64
0|300588|85|85
0|300589|75|75
0|300590|80|80
0|300591|66|66
0|300592|77|77
0|300593|79|79
0|300594|48|48
0|300595|90|90
0|300596|100|100
0|300597|88|88
0|300598|90|90
0|300599|82|82
0|300600|72|72
0|300601|75|75
0|300602|80|80
0|300603|77|77
0|300604|90|90
0|300605|78|78
0|300606|90|90
0|300607|75|75
0|300608|67|67
0|300609|85|85
0|300610|95|95
0|300611|95|95
0|300612|82|82
0|300613|69|69
0|300614|85|85
0|300615|78|78
0|300616|90|90
0|300617|75|75
0|300618|100|100
0|300619|85|85
0|300620|90|90
0|300621|59|59
0|300622|92|92
0|300623|100|100
0|300624|79|79
0|300625|85|85
0|300626|72|72
0|300627|100|100
0|300628|100|100
0|300629|67|67
0|300631|88|88
0|300632|72|72
0|300633|90|90
0|300634|81|81
0|300635|83|83
0|300636|100|100
0|300637|72|72
0|300638|90|90
0|300639|59|59
0|300640|90|90
0|300641|100|100
0|300642|75|75
0|300643|97|97
0|300644|90|90
0|300645|71|71
0|300647|75|75
0|300648|75|75
0|300649|70|70
0|300650|100|100
0|300651|95|95
0|300652|84|84
0|300653|95|95
0|300654|98|98
0|300655|85|85
0|300656|74|74
0|300657|89|89
0|300658|95|95
0|300659|82|82
0|300660|89|89
0|300661|81|81
0|300662|95|95
0|300663|67|67
0|300664|95|95
0|300665|71|71
0|300666|98|98
0|300667|87|87
0|300668|75|75
0|300669|87|87
0|300670|62|62
0|300671|85|85
0|300672|79|79
0|300673|100|100
0|300674|90|90
0|300675|85|85
0|300676|83|83
0|300677|87|87
0|300678|89|89
0|300679|87|87
0|300680|95|95
0|300681|85|85
0|300682|87|87
0|300683|85|85
0|300684|100|100
0|300685|94|94
0|300686|77|77
0|300687|67|67
0|300688|85|85
0|300689|95|95
0|300690|95|95
0|300691|85|85
0|300692|75|75
0|300693|90|90
0|300694|82|82
0|300695|100|100
0|300696|69|69
0|300697|97|97
0|300698|84|84
0|300699|100|100
0|300700|90|90
0|300701|87|87
0|300702|94|94
0|300703|90|90
0|300705|100|100
0|300706|85|85
0|300707|97|97
0|300708|89|89
0|300709|85|85
0|300710|90|90
0|300711|100|100
0|300712|93|93
0|300713|90|90
0|300715|82|82
0|300716|-85|-85
0|300717|95|95
0|300718|89|89
0|300719|71|71
0|300720|83|83
0|300721|88|88
0|300722|95|95
0|300723|80|80
0|300724|79|79
0|300725|100|100
0|300726|90|90
0|300727|95|95
0|300729|100|100
0|300730|62|62
0|300731|85|85
0|300732|80|80
0|300733|95|95
0|300735|98|98
0|300736|82|82
0|300737|75|75
0|300738|88|88
0|300739|100|100
0|300740|97|97
0|300741|85|85
0|300743|95|95
0|300745|90|90
0|300746|70|70
0|300747|100|100
0|300748|87|87
0|300749|72|72
0|300750|100|100
0|300751|88|88
0|300752|100|100
0|300753|85|85
0|300755|82|82
0|300756|85|85
0|300757|67|67
0|300758|85|85
0|300759|100|100
0|300760|92|92
0|300761|73|73
0|300762|80|80
0|300763|100|100
0|300765|85|85
0|300766|80|80
0|300767|77|77
0|300768|90|90
0|300769|83|83
0|300770|92|92
0|300771|95|95
0|300772|75|75
0|300773|85|85
0|300774|92|92
0|300775|87|87
0|300776|89|89
0|300777|64|64
0|300778|75|75
0|300779|79|79
0|300780|90|90
0|300781|87|87
0|300782|77|77
0|300783|75|75
0|300784|93|93
0|300785|94|94
0|300786|90|90
0|300787|95|95
0|300788|97|97
0|300789|78|78
0|300790|94|94
0|300791|90|90
0|300792|100|100
0|300793|72|72
0|300795|90|90
0|300796|85|85
0|300797|91|91
0|300798|83|83
0|300800|90|90
0|300801|92|92
0|300802|95|95
0|300803|82|82
0|300804|78|78
0|300805|95|95
0|300806|86|86
0|300807|82|82
0|300808|87|87
0|300809|100|100
0|300810|77|77
0|300811|100|100
0|300812|80|80
0|300813|95|95
0|300814|89|89
0|300815|95|95
0|300816|90|90
0|300817|100|100
0|300818|82|82
0|300819|87|87
0|300820|100|100
0|300821|68|68
0|300822|67|67
0|300823|86|86
0|300824|95|95
0|300825|85|85
0|300826|79|79
0|300827|88|88
0|300828|97|97
0|300829|95|95
0|300830|85|85
0|300831|4|4
0|300832|95|95
0|300833|95|95
0|300834|90|90
0|300835|95|95
0|300836|89|89
0|300837|90|90
0|300838|60|60
0|300839|72|72
0|300840|72|72
0|300841|75|75
0|300842|45|45
0|300843|84|84
0|300844|85|85
0|300845|82|82
0|300846|85|85
0|300847|97|97
0|300848|98|98
0|300849|87|87
0|300850|95|95
0|300851|85|85
0|300852|94|94
0|300853|77|77
0|300854|83|83
0|300855|90|90
0|300856|75|75
0|300857|84|84
0|300858|90|90
0|300859|95|95
0|300860|75|75
0|300861|77|77
0|300862|85|85
0|300863|93|93
0|300864|95|95
0|300865|60|60
0|300866|95|95
0|300867|84|84
0|300868|85|85
0|300869|75|75
0|300870|85|85
0|300871|85|85
0|300872|64|64
0|300873|100|100
0|300875|70|70
0|300876|81|81
0|300877|95|95
0|300878|59|59
0|300879|77|77
0|300880|85|85
0|300881|98|98
0|300882|100|100
0|300883|80|80
0|300884|90|90
0|300885|95|95
0|300886|82|82
0|300887|90|90
0|300888|92|92
0|300889|90|90
0|300890|73|73
0|300891|87|87
0|300892|92|92
0|300893|89|89
0|300894|75|75
0|300895|85|85
0|300896|92|92
0|300897|75|75
0|300898|100|100
0|300899|46|46
0|300900|69|69
0|300901|74|74
0|300902|85|85
0|300903|77|77
0|300904|75|75
0|300905|94|94
0|300906|92|92
0|300907|77|77
0|300908|100|100
0|300909|87|87
0|300910|100|100
0|300911|60|60
0|300912|74|74
0|300913|100|100
0|300915|90|90
0|300916|95|95
0|300917|88|88
0|300918|90|90
0|300919|97|97
0|300920|90|90
0|300921|90|90
0|300922|86|86
0|300923|80|80
0|300925|100|100
0|300926|98|98
0|300927|80|80
0|300928|87|87
0|300929|79|79
0|300930|96|96
0|300931|75|75
0|300932|100|100
0|300933|71|71
0|300935|87|87
0|300936|83|83
0|300937|85|85
0|300938|91|91
0|300939|95|95
0|300940|100|100
0|300941|84|84
0|300942|95|95
0|300943|100|100
0|300945|97|97
0|300946|85|85
0|300947|67|67
0|300948|80|80
0|300949|70|70
0|300950|90|90
0|300951|95|95
0|300952|100|100
0|300953|88|88
0|300955|90|90
0|300956|94|94
0|300957|97|97
0|300958|80|80
0|300959|67|67
0|300960|89|89
0|300961|59|59
0|300962|92|92
0|300963|93|93
0|300964|95|95
0|300965|82|82
0|300966|82|82
0|300967|100|100
0|300968|80|80
0|300969|92|92
0|300970|77|77
0|300971|82|82
0|300972|90|90
0|300973|95|95
0|300975|82|82
0|300976|89|89
0|300977|85|85
0|300978|92|92
0|300979|100|100
0|300980|100|100
0|300981|90|90
0|300982|67|67
0|300983|72|72
0|300984|95|95
0|300985|90|90
0|300986|92|92
0|300987|100|100
0|300988|100|100
0|300989|90|90
0|300990|100|100
0|300991|82|82
0|300992|87|87
0|300993|100|100
0|300994|100|100
0|300995|88|88
0|300996|89|89
0|300997|50|50
0|300998|84|84
0|300999|88|88
0|301000|84|84
0|301001|85|85
0|301002|70|70
0|301003|90|90
0|301004|87|87
0|301005|88|88
0|301006|95|95
0|301007|90|90
0|301008|85|85
0|301009|80|80
0|301010|77|77
0|301011|100|100
0|301012|80|80
0|301013|85|85
0|301015|89|89
0|301016|87|87
0|301017|62|62
0|301018|85|85
0|301019|95|95
0|301020|92|92
0|301021|84|84
0|301022|88|88
0|301023|85|85
0|301024|90|90
0|301025|82|82
0|301026|98|98
0|301027|70|70
0|301028|94|94
0|301029|85|85
0|301030|32|32
0|301031|100|100
0|301032|91|91
0|301033|100|100
0|301035|95|95
0|301036|85|85
0|301037|78|78
0|301038|97|97
0|301039|92|92
0|301040|82|82
0|301041|69|69
0|301042|64|64
0|301043|95|95
0|301045|74|74
0|301046|73|73
0|301047|90|90
0|301048|92|92
0|301049|82|82
0|301050|82|82
0|301051|85|85
0|301052|82|82
0|301053|73|73
0|301055|62|62
0|301056|95|95
0|301057|92|92
0|301058|87|87
0|301059|95|95
0|301060|85|85
0|301061|100|100
0|301062|90|90
0|301063|93|93
0|301065|95|95
0|301066|95|95
0|301067|75|75
0|301068|85|85
0|301069|93|93
0|301070|82|82
0|301071|90|90
0|301072|90|90
0|301073|82|82
0|301075|85|85
0|301076|90|90
0|301077|100|100
0|301078|90|90
0|301079|75|75
0|301080|100|100
0|301081|75|75
0|301082|80|80
0|301083|85|85
0|301085|53|53
0|301086|83|83
0|301087|97|97
0|301088|90|90
0|301089|90|90
0|301090|85|85
0|301091|87|87
0|301092|100|100
0|301093|92|92
0|301095|92|92
0|301096|85|85
0|301097|67|67
0|301098|65|65
0|301099|82|82
0|301100|90|90
0|301101|100|100
0|301102|90|90
0|301103|77|77
0|301105|90|90
0|301106|95|95
0|301107|90|90
0|301108|85|85
0|301109|92|92
0|301110|89|89
0|301111|75|75
0|301112|68|68
0|301113|72|72
0|301115|95|95
0|301116|77|77
0|301117|70|70
0|301118|82|82
0|301119|95|95
0|301120|75|75
0|301121|82|82
0|301122|82|82
0|301123|70|70
0|301125|59|59
0|301126|68|68
0|301127|83|83
0|301128|92|92
0|301129|83|83
0|301130|84|84
0|301131|93|93
0|301132|95|95
0|301133|80|80
0|301135|100|100
0|301136|72|72
0|301137|85|85
0|301138|95|95
0|301139|9|9
0|301141|93|93
0|301148|83|83
0|301149|90|90
0|301150|82|82
0|301151|92|92
0|301152|44|44
0|301153|90|90
0|301155|100|100
0|301156|95|95
0|301157|98|98
0|301158|95|95
0|301159|75|75
0|301160|100|100
0|301161|95|95
0|301162|100|100
0|301163|85|85
0|301165|90|90
0|301166|82|82
0|301167|85|85
0|301168|80|80
0|301169|90|90
0|301170|89|89
0|301171|89|89
0|301172|98|98
0|301173|98|98
0|301175|97|97
0|301176|82|82
0|301177|87|87
0|301178|75|75
0|301179|74|74
0|301180|80|80
0|301181|97|97
0|301182|87|87
0|301183|100|100
0|301185|100|100
0|301186|86|86
0|301187|100|100
0|301188|82|82
0|301189|83|83
0|301190|82|82
0|301191|82|82
0|301192|95|95
0|301193|85|85
0|301195|100|100
0|301196|92|92
0|301197|83|83
0|301198|85|85
0|301199|80|80
0|301200|95|95
0|301201|70|70
0|301202|93|93
0|301203|82|82
0|301205|85|85
0|301206|97|97
0|301207|75|75
0|301208|100|100
0|301209|90|90
0|301210|100|100
0|301211|72|72
0|301212|90|90
0|301213|82|82
0|301215|95|95
0|301216|80|80
0|301217|72|72
0|301218|83|83
0|301219|98|98
0|301220|98|98
0|301221|98|98
0|301222|95|95
0|301223|82|82
0|301225|89|89
0|301226|90|90
0|301227|72|72
0|301228|82|82
0|301229|100|100
0|301230|100|100
0|301231|85|85
0|301232|78|78
0|301233|87|87
0|301234|85|85
0|301235|63|63
0|301236|85|85
0|301237|80|80
0|301238|100|100
0|301239|90|90
0|301246|90|90
0|301248|82|82
0|301251|92|92
0|301252|90|90
0|301255|95|95
0|301256|100|100
0|301257|85|85
0|301258|82|82
0|301259|57|57
0|301260|85|85
0|301261|83|83
0|301262|77|77
0|301263|67|67
0|301265|90|90
0|301266|93|93
0|301267|95|95
0|301268|88|88
0|301269|93|93
0|301270|87|87
0|301272|75|75
0|301273|79|79
0|301275|100|100
0|301276|95|95
0|301277|100|100
0|301278|70|70
0|301279|92|92
0|301280|85|85
0|301281|75|75
0|301282|97|97
0|301283|91|91
0|301285|77|77
0|301286|95|95
0|301287|95|95
0|301288|36|36
0|301289|100|100
0|301290|77|77
0|301291|95|95
0|301292|72|72
0|301293|87|87
0|301295|88|88
0|301296|62|62
0|301297|95|95
0|301298|95|95
0|301299|100|100
0|301300|95|95
0|301301|95|95
0|301302|75|75
0|301303|89|89
0|301305|95|95
0|301306|75|75
0|301307|84|84
0|301308|84|84
0|301309|87|87
0|301310|93|93
0|301311|81|81
0|301312|95|95
0|301313|90|90
0|301314|85|85
0|301315|93|93
0|301316|95|95
0|301317|82|82
0|301318|100|100
0|301319|90|90
0|301320|67|67
0|301321|59|59
0|301322|60|60
0|301323|100|100
0|301325|79|79
0|301326|74|74
0|301327|82|82
0|301328|97|97
0|301329|97|97
0|301330|92|92
0|301331|80|80
0|301332|90|90
0|301333|89|89
0|301335|83|83
0|301336|81|81
0|301337|77|77
0|301338|68|68
0|301339|92|92
0|301345|95|95
0|301348|90|90
0|301349|90|90
0|301353|89|89
0|301355|56|56
0|301356|77|77
0|301357|64|64
0|301358|93|93
0|301359|90|90
0|301360|91|91
0|301361|82|82
0|301362|95|95
0|301363|92|92
0|301365|87|87
0|301366|64|64
0|301367|85|85
0|301368|67|67
0|301369|96|96
0|301370|92|92
0|301371|100|100
0|301372|36|36
0|301373|85|85
0|301376|97|97
0|301377|90|90
0|301378|75|75
0|301379|81|81
0|301380|93|93
0|301381|90|90
0|301382|76|76
0|301383|71|71
0|301386|95|95
0|301387|100|100
0|301388|82|82
0|301389|79|79
0|301390|57|57
0|301391|84|84
0|301392|71|71
0|301393|89|89
0|301395|85|85
0|301396|55|55
0|301397|93|93
0|301398|100|100
0|301399|90|90
0|301408|100|100
0|301413|100|100
0|301418|75|75
0|301419|97|97
0|301421|85|85
0|301428|75|75
0|301429|83|83
0|301439|100|100
0|301446|90|90
0|301448|85|85
0|301449|95|95
0|301456|98|98
0|301458|100|100
0|301459|100|100
0|301468|95|95
0|301469|93|93
0|301479|87|87
0|301486|90|90
0|301487|72|72
0|301488|90|90
0|301489|85|85
0|301491|85|85
0|301498|87|87
0|301499|95|95
0|301500|98|98
0|301501|100|100
0|301502|95|95
0|301503|95|95
0|301505|65|65
0|301507|100|100
0|301508|91|91
0|301509|85|85
0|301510|93|93
0|301511|63|63
0|301512|78|78
0|301515|83|83
0|301516|75|75
0|301517|72|72
0|301518|95|95
0|301519|85|85
0|301520|80|80
0|301522|88|88
0|301525|95|95
0|301526|82|82
0|301528|93|93
0|301529|93|93
0|301533|90|90
0|301535|90|90
0|301536|100|100
0|301538|95|95
0|301539|95|95
0|301548|84|84
0|301550|83|83
0|301551|90|90
0|301552|81|81
0|301555|83|83
0|301556|87|87
0|301557|98|98
0|301558|82|82
0|301559|77|77
0|301560|92|92
0|301563|95|95
0|301565|87|87
0|301566|88|88
0|301567|85|85
0|301568|100|100
0|301571|85|85
0|301575|95|95
0|301577|80|80
0|301578|100|100
0|301580|90|90
0|301581|88|88
0|301584|70|70
0|301585|83|83
0|301586|95|95
0|301587|88|88
0|301588|82|82
0|301589|100|100
0|301590|82|82
0|301591|100|100
0|301592|83|83
0|301595|87|87
0|301596|92|92
0|301598|95|95
0|301600|98|98
0|301601|83|83
0|301602|100|100
0|301603|93|93
0|301606|89|89
0|301607|88|88
0|301608|95|95
0|301609|82|82
0|301611|92|92
0|301613|80|80
0|301616|100|100
0|301617|100|100
0|301618|93|93
0|301622|100|100
0|301626|92|92
0|301628|95|95
0|301629|85|85
0|301630|100|100
0|301631|92|92
0|301632|95|95
0|301633|86|86
0|301636|77|77
0|301638|95|95
0|301656|90|90
0|301658|77|77
0|301662|61|61
0|301665|85|85
0|301667|92|92
0|301668|100|100
0|301678|100|100
0|301680|95|95
0|301687|95|95
0|302132|71|71
